IMU calibration complete.
IMU initialized successfully!
BARO sensor initialized!
Failed to initialize SD card.
SD card initialized successfully!
Ready to start!!
Waiting for button to start logging...
Button Pressed. logging starting...
Error opening file for logging.
magX,magY,magZ

-12.00,-8.00,28.00


-12.00,-8.00,28.00


-12.00,-9.00,29.00


-12.00,-9.00,29.00


-12.00,-9.00,29.00


-12.00,-9.00,29.00


-16.00,-16.00,27.00


-16.00,-16.00,27.00


-16.00,-16.00,27.00


-14.00,-11.00,28.00


-14.00,-11.00,28.00


-14.00,-11.00,28.00


-14.00,-11.00,28.00


-14.00,-11.00,26.00


-14.00,-11.00,26.00


-14.00,-11.00,26.00


-12.00,-12.00,27.00


-12.00,-12.00,27.00


-12.00,-12.00,27.00


-16.00,-9.00,31.00


-16.00,-9.00,31.00


-16.00,-9.00,31.00


-16.00,-9.00,31.00


-11.00,-12.00,30.00


-11.00,-12.00,30.00


-11.00,-12.00,30.00


-14.00,-11.00,30.00


-14.00,-11.00,30.00


-14.00,-11.00,30.00


-14.00,-11.00,30.00


-15.00,-11.00,29.00


-15.00,-11.00,29.00


-15.00,-11.00,29.00


-14.00,-12.00,30.00


-14.00,-12.00,30.00


-14.00,-12.00,30.00


-13.00,-11.00,31.00


-13.00,-11.00,31.00


-13.00,-11.00,31.00


-13.00,-11.00,31.00


-14.00,-9.00,30.00


-14.00,-9.00,30.00


-14.00,-9.00,30.00


-13.00,-10.00,28.00


-13.00,-10.00,28.00


-13.00,-10.00,28.00


-11.00,-11.00,30.00


-11.00,-11.00,30.00


-11.00,-11.00,30.00


-11.00,-11.00,30.00


-11.00,-8.00,30.00


-11.00,-8.00,30.00


-11.00,-8.00,30.00


-13.00,-12.00,25.00


-13.00,-12.00,25.00


-13.00,-12.00,25.00


-13.00,-12.00,25.00


-13.00,-9.00,29.00


-13.00,-9.00,29.00


-13.00,-9.00,29.00


-13.00,-8.00,28.00


-13.00,-8.00,28.00


-13.00,-8.00,28.00


-14.00,-9.00,27.00


-14.00,-9.00,27.00


-14.00,-9.00,27.00


-14.00,-9.00,27.00


-12.00,-11.00,28.00


-12.00,-11.00,28.00


-12.00,-11.00,28.00


-15.00,-11.00,30.00


-15.00,-11.00,30.00


-15.00,-11.00,30.00


-17.00,-11.00,30.00


-17.00,-11.00,30.00


-17.00,-11.00,30.00


-17.00,-11.00,30.00


-16.00,-11.00,33.00


-16.00,-11.00,33.00


-16.00,-11.00,33.00


-21.00,-9.00,31.00


-21.00,-9.00,31.00


-21.00,-9.00,31.00


-21.00,-9.00,31.00


-24.00,-9.00,32.00


-24.00,-9.00,32.00


-24.00,-9.00,32.00


-30.00,-8.00,32.00


-30.00,-8.00,32.00


-30.00,-8.00,32.00


-37.00,-10.00,37.00


-37.00,-10.00,37.00


-37.00,-10.00,37.00


-37.00,-10.00,37.00


-42.00,-8.00,40.00


-42.00,-8.00,40.00


-42.00,-8.00,40.00


-49.00,-5.00,54.00


-49.00,-5.00,54.00


-49.00,-5.00,54.00


-51.00,-5.00,50.00


-51.00,-5.00,50.00


-51.00,-5.00,50.00


-51.00,-5.00,50.00


-51.00,-9.00,46.00


-51.00,-9.00,46.00


-51.00,-9.00,46.00


-56.00,-11.00,43.00


-56.00,-11.00,43.00


-56.00,-11.00,43.00


-56.00,-11.00,43.00


-56.00,-8.00,38.00


-56.00,-8.00,38.00


-56.00,-8.00,38.00


-57.00,-5.00,45.00


-57.00,-5.00,45.00


-57.00,-5.00,45.00


-57.00,-7.00,43.00


-57.00,-7.00,43.00


-57.00,-7.00,43.00


-57.00,-7.00,43.00


-55.00,-9.00,43.00


-55.00,-9.00,43.00


-55.00,-9.00,43.00


-58.00,-8.00,40.00


-58.00,-8.00,40.00


-58.00,-8.00,40.00


-58.00,-8.00,40.00


-61.00,-9.00,49.00


-61.00,-9.00,49.00


-61.00,-9.00,49.00


-61.00,-6.00,45.00


-61.00,-6.00,45.00


-61.00,-6.00,45.00


-60.00,-11.00,44.00


-60.00,-11.00,44.00


-60.00,-11.00,44.00


-60.00,-11.00,44.00


-33.00,-9.00,35.00


-33.00,-9.00,35.00


-33.00,-9.00,35.00


-17.00,-11.00,28.00


-17.00,-11.00,28.00


-17.00,-11.00,28.00


-15.00,-11.00,35.00


-15.00,-11.00,35.00


-15.00,-11.00,35.00


-15.00,-11.00,35.00


-14.00,-10.00,34.00


-14.00,-10.00,34.00


-14.00,-10.00,34.00


-12.00,-9.00,29.00


-12.00,-9.00,29.00


-12.00,-9.00,29.00


-12.00,-9.00,29.00


-13.00,-10.00,31.00


-13.00,-10.00,31.00


-13.00,-10.00,31.00


-15.00,-10.00,30.00


-15.00,-10.00,30.00


-15.00,-10.00,30.00


-14.00,-12.00,31.00


-14.00,-12.00,31.00


-14.00,-12.00,31.00


-14.00,-12.00,31.00


-13.00,-10.00,29.00


-13.00,-10.00,29.00


-13.00,-10.00,29.00


-14.00,-11.00,31.00


-14.00,-11.00,31.00


-14.00,-11.00,31.00


-11.00,-10.00,25.00


-11.00,-10.00,25.00


-11.00,-10.00,25.00


-11.00,-10.00,25.00


-12.00,-12.00,29.00


-12.00,-12.00,29.00


-12.00,-12.00,29.00


-12.00,-12.00,32.00


-12.00,-12.00,32.00


-12.00,-12.00,32.00


-12.00,-12.00,32.00


-13.00,-9.00,25.00


-13.00,-9.00,25.00


-13.00,-9.00,25.00


-14.00,-12.00,28.00


-14.00,-12.00,28.00


-14.00,-12.00,28.00


-12.00,-12.00,29.00


-12.00,-12.00,29.00


-12.00,-12.00,29.00


-12.00,-12.00,29.00


-13.00,-10.00,29.00


-13.00,-10.00,29.00


-13.00,-10.00,29.00


-14.00,-9.00,28.00


-14.00,-9.00,28.00


-14.00,-9.00,28.00


-14.00,-9.00,28.00


-13.00,-10.00,27.00


-13.00,-10.00,27.00


-13.00,-10.00,27.00


-13.00,-12.00,29.00


-13.00,-12.00,29.00


-13.00,-12.00,29.00


-14.00,-9.00,29.00


-14.00,-9.00,29.00


-14.00,-9.00,29.00


-14.00,-9.00,29.00


-14.00,-10.00,31.00


-14.00,-10.00,31.00


-14.00,-10.00,31.00


-16.00,-9.00,32.00


-16.00,-9.00,32.00


-16.00,-9.00,32.00


-18.00,-8.00,32.00


-18.00,-8.00,32.00


-18.00,-8.00,32.00


-18.00,-8.00,32.00


-21.00,-10.00,37.00


-21.00,-10.00,37.00


-21.00,-10.00,37.00


-25.00,-10.00,37.00


-25.00,-10.00,37.00


-25.00,-10.00,37.00


-25.00,-10.00,37.00


-28.00,-9.00,42.00


-28.00,-9.00,42.00


-28.00,-9.00,42.00


-30.00,-8.00,50.00


-30.00,-8.00,50.00


-30.00,-8.00,50.00


-35.00,-12.00,61.00


-35.00,-12.00,61.00


-35.00,-12.00,61.00


-35.00,-12.00,61.00


-38.00,-7.00,61.00


-38.00,-7.00,61.00


-38.00,-7.00,61.00


-38.00,-10.00,59.00


-38.00,-10.00,59.00


-38.00,-10.00,59.00


-41.00,-12.00,62.00


-41.00,-12.00,62.00


-41.00,-12.00,62.00


-41.00,-12.00,62.00


-39.00,-9.00,57.00


-39.00,-9.00,57.00


-39.00,-9.00,57.00


-43.00,-9.00,66.00


-43.00,-9.00,66.00


-43.00,-9.00,66.00


-43.00,-9.00,66.00


-45.00,-5.00,63.00


-45.00,-5.00,63.00


-45.00,-5.00,63.00


-45.00,-9.00,69.00


-45.00,-9.00,69.00


-45.00,-9.00,69.00


-48.00,-7.00,69.00


-48.00,-7.00,69.00


-48.00,-7.00,69.00


-48.00,-7.00,69.00


-51.00,-8.00,68.00


-51.00,-8.00,68.00


-51.00,-8.00,68.00


-45.00,-8.00,69.00


-45.00,-8.00,69.00


-45.00,-8.00,69.00


-50.00,-7.00,69.00


-50.00,-7.00,69.00


-50.00,-7.00,69.00


-50.00,-7.00,69.00


-36.00,-8.00,50.00


-36.00,-8.00,50.00


-36.00,-8.00,50.00


-19.00,-11.00,42.00


-19.00,-11.00,42.00


-19.00,-11.00,42.00


-19.00,-11.00,42.00


-16.00,-13.00,36.00


-16.00,-13.00,36.00


-16.00,-13.00,36.00


-14.00,-14.00,31.00


-14.00,-14.00,31.00


-14.00,-14.00,31.00


-15.00,-12.00,36.00


-15.00,-12.00,36.00


-15.00,-12.00,36.00


-15.00,-12.00,36.00


-14.00,-13.00,34.00


-14.00,-13.00,34.00


-14.00,-13.00,34.00


-15.00,-10.00,38.00


-15.00,-10.00,38.00


-15.00,-10.00,38.00


-15.00,-11.00,40.00


-15.00,-11.00,40.00


-15.00,-11.00,40.00


-15.00,-11.00,40.00


-16.00,-12.00,43.00


-16.00,-12.00,43.00


-16.00,-12.00,43.00


-15.00,-12.00,44.00


-15.00,-12.00,44.00


-15.00,-12.00,44.00


-15.00,-12.00,44.00


-18.00,-12.00,40.00


-18.00,-12.00,40.00


-18.00,-12.00,40.00


-17.00,-11.00,43.00


-17.00,-11.00,43.00


-17.00,-11.00,43.00


-15.00,-12.00,48.00


-15.00,-12.00,48.00


-15.00,-12.00,48.00


-15.00,-12.00,48.00


-20.00,-14.00,61.00


-20.00,-14.00,61.00


-20.00,-14.00,61.00


-25.00,-18.00,61.00


-25.00,-18.00,61.00


-25.00,-18.00,61.00


-31.00,-22.00,71.00


-31.00,-22.00,71.00


-31.00,-22.00,71.00


-31.00,-22.00,71.00


-29.00,-22.00,64.00


-29.00,-22.00,64.00


-29.00,-22.00,64.00


-30.00,-23.00,67.00


-30.00,-23.00,67.00


-30.00,-23.00,67.00


-30.00,-23.00,67.00


-29.00,-28.00,65.00


-29.00,-28.00,65.00


-29.00,-28.00,65.00


-30.00,-25.00,66.00


-30.00,-25.00,66.00


-30.00,-25.00,66.00


-29.00,-29.00,68.00


-29.00,-29.00,68.00


-29.00,-29.00,68.00


-29.00,-29.00,68.00


-29.00,-25.00,72.00


-29.00,-25.00,72.00


-29.00,-25.00,72.00


-28.00,-27.00,66.00


-28.00,-27.00,66.00


-28.00,-27.00,66.00


-28.00,-29.00,64.00


-28.00,-29.00,64.00


-28.00,-29.00,64.00


-28.00,-29.00,64.00


-30.00,-33.00,66.00


-30.00,-33.00,66.00


-30.00,-33.00,66.00


-27.00,-28.00,62.00


-27.00,-28.00,62.00


-27.00,-28.00,62.00


-25.00,-29.00,63.00


-25.00,-29.00,63.00


-25.00,-29.00,63.00


-25.00,-29.00,63.00


-25.00,-26.00,62.00


-25.00,-26.00,62.00


-25.00,-26.00,62.00


-23.00,-22.00,47.00


-23.00,-22.00,47.00


-23.00,-22.00,47.00


-23.00,-22.00,47.00


-15.00,-17.00,33.00


-15.00,-17.00,33.00


-15.00,-17.00,33.00


-14.00,-15.00,31.00


-14.00,-15.00,31.00


-14.00,-15.00,31.00


-13.00,-12.00,28.00


-13.00,-12.00,28.00


-13.00,-12.00,28.00


-13.00,-12.00,28.00


-13.00,-9.00,30.00


-13.00,-9.00,30.00


-13.00,-9.00,30.00


-15.00,-9.00,22.00


-15.00,-9.00,22.00


-15.00,-9.00,22.00


-16.00,-10.00,27.00


-16.00,-10.00,27.00


-16.00,-10.00,27.00


-16.00,-10.00,27.00


-14.00,-11.00,29.00


-14.00,-11.00,29.00


-14.00,-11.00,29.00


-15.00,-8.00,28.00


-15.00,-8.00,28.00


-15.00,-8.00,28.00


-17.00,-14.00,27.00


-17.00,-14.00,27.00


-17.00,-14.00,27.00


-17.00,-14.00,27.00


-12.00,-8.00,28.00


-12.00,-8.00,28.00


-12.00,-8.00,28.00


-15.00,-9.00,30.00


-15.00,-9.00,30.00


-15.00,-9.00,30.00


-14.00,-8.00,30.00


-14.00,-8.00,30.00


-14.00,-8.00,30.00


-14.00,-8.00,30.00


-13.00,-9.00,26.00


-13.00,-9.00,26.00


-13.00,-9.00,26.00


-14.00,-6.00,27.00


-14.00,-6.00,27.00


-14.00,-6.00,27.00


-14.00,-6.00,27.00


-14.00,-9.00,25.00


-14.00,-9.00,25.00


-14.00,-9.00,25.00


-13.00,-7.00,31.00


-13.00,-7.00,31.00


-13.00,-7.00,31.00


-11.00,-8.00,29.00


-11.00,-8.00,29.00


-11.00,-8.00,29.00


-11.00,-8.00,29.00


-12.00,-8.00,34.00


-12.00,-8.00,34.00


-12.00,-8.00,34.00


-16.00,-5.00,34.00


-16.00,-5.00,34.00


-16.00,-5.00,34.00


-15.00,-5.00,36.00


-15.00,-5.00,36.00


-15.00,-5.00,36.00


-15.00,-5.00,36.00


-12.00,-3.00,35.00


-12.00,-3.00,35.00


-12.00,-3.00,35.00


-12.00,-4.00,37.00


-12.00,-4.00,37.00


-12.00,-4.00,37.00


-12.00,-4.00,37.00


-13.00,-1.00,37.00


-13.00,-1.00,37.00


-13.00,-1.00,37.00


-15.00,0.00,38.00


-15.00,0.00,38.00


-15.00,0.00,38.00


-16.00,-2.00,35.00


-16.00,-2.00,35.00


-16.00,-2.00,35.00


-16.00,-2.00,35.00


-7.00,-15.00,32.00


-7.00,-15.00,32.00


-7.00,-15.00,32.00


-2.00,-27.00,31.00


-2.00,-27.00,31.00


-2.00,-27.00,31.00


-2.00,-27.00,31.00


18.00,-45.00,8.00


18.00,-45.00,8.00


18.00,-45.00,8.00


53.00,-43.00,-66.00


53.00,-43.00,-66.00


53.00,-43.00,-66.00


92.00,41.00,-93.00


92.00,41.00,-93.00


92.00,41.00,-93.00


92.00,41.00,-93.00


183.00,132.00,-49.00


183.00,132.00,-49.00


183.00,132.00,-49.00


255.00,185.00,-1.00


255.00,185.00,-1.00


255.00,185.00,-1.00


263.00,202.00,12.00


263.00,202.00,12.00


263.00,202.00,12.00


263.00,202.00,12.00


256.00,198.00,46.00


256.00,198.00,46.00


256.00,198.00,46.00


251.00,205.00,45.00


251.00,205.00,45.00


251.00,205.00,45.00


251.00,206.00,42.00


251.00,206.00,42.00


251.00,206.00,42.00


251.00,206.00,42.00


253.00,207.00,39.00


253.00,207.00,39.00


253.00,207.00,39.00


252.00,207.00,42.00


252.00,207.00,42.00


252.00,207.00,42.00


252.00,207.00,42.00


250.00,207.00,37.00


250.00,207.00,37.00


250.00,207.00,37.00


249.00,209.00,40.00


249.00,209.00,40.00


249.00,209.00,40.00


248.00,209.00,41.00


248.00,209.00,41.00


248.00,209.00,41.00


248.00,209.00,41.00


249.00,205.00,43.00


249.00,205.00,43.00


249.00,205.00,43.00


250.00,208.00,43.00


250.00,208.00,43.00


250.00,208.00,43.00


250.00,208.00,43.00


249.00,205.00,42.00


249.00,205.00,42.00


249.00,205.00,42.00


251.00,206.00,39.00


251.00,206.00,39.00


251.00,206.00,39.00


251.00,210.00,44.00


251.00,210.00,44.00


251.00,210.00,44.00


251.00,210.00,44.00


247.00,207.00,40.00


247.00,207.00,40.00


247.00,207.00,40.00


248.00,205.00,46.00


248.00,205.00,46.00


248.00,205.00,46.00


246.00,201.00,48.00


246.00,201.00,48.00


246.00,201.00,48.00


246.00,201.00,48.00


245.00,194.00,56.00


245.00,194.00,56.00


245.00,194.00,56.00


253.00,191.00,64.00


253.00,191.00,64.00


253.00,191.00,64.00


253.00,191.00,64.00


266.00,185.00,50.00


266.00,185.00,50.00


266.00,185.00,50.00


278.00,175.00,51.00


278.00,175.00,51.00


278.00,175.00,51.00


319.00,159.00,38.00


319.00,159.00,38.00


319.00,159.00,38.00


319.00,159.00,38.00


327.00,74.00,-71.00


327.00,74.00,-71.00


327.00,74.00,-71.00


294.00,-57.00,-103.00


294.00,-57.00,-103.00


294.00,-57.00,-103.00


294.00,-57.00,-103.00


289.00,-159.00,-61.00


289.00,-159.00,-61.00


289.00,-159.00,-61.00


266.00,-214.00,3.00


266.00,-214.00,3.00


266.00,-214.00,3.00


234.00,-224.00,35.00


234.00,-224.00,35.00


234.00,-224.00,35.00


234.00,-224.00,35.00


146.00,-204.00,95.00


146.00,-204.00,95.00


146.00,-204.00,95.00


49.00,-94.00,126.00


49.00,-94.00,126.00


49.00,-94.00,126.00


26.00,-69.00,114.00


26.00,-69.00,114.00


26.00,-69.00,114.00


26.00,-69.00,114.00


28.00,-31.00,109.00


28.00,-31.00,109.00


28.00,-31.00,109.00


16.00,7.00,120.00


16.00,7.00,120.00


16.00,7.00,120.00


16.00,7.00,120.00


-16.00,45.00,117.00


-16.00,45.00,117.00


-16.00,45.00,117.00


-37.00,29.00,59.00


-37.00,29.00,59.00


-37.00,29.00,59.00


-21.00,18.00,44.00


-21.00,18.00,44.00


-21.00,18.00,44.00


-21.00,18.00,44.00


-22.00,15.00,35.00


-22.00,15.00,35.00


-22.00,15.00,35.00


-16.00,14.00,41.00


-16.00,14.00,41.00


-16.00,14.00,41.00


-11.00,17.00,37.00


-11.00,17.00,37.00


-11.00,17.00,37.00


-11.00,17.00,37.00


-15.00,16.00,42.00


-15.00,16.00,42.00


-15.00,16.00,42.00


-16.00,15.00,40.00


-16.00,15.00,40.00


-16.00,15.00,40.00


-16.00,15.00,40.00


-15.00,14.00,36.00


-15.00,14.00,36.00


-15.00,14.00,36.00


-17.00,16.00,38.00


-17.00,16.00,38.00


-17.00,16.00,38.00


-17.00,17.00,39.00


-17.00,17.00,39.00


-17.00,17.00,39.00


-17.00,17.00,39.00


-15.00,14.00,39.00


-15.00,14.00,39.00


-15.00,14.00,39.00


-16.00,14.00,43.00


-16.00,14.00,43.00


-16.00,14.00,43.00


-16.00,14.00,43.00


-16.00,14.00,43.00


-16.00,14.00,43.00


-16.00,14.00,43.00


-16.00,16.00,40.00


-16.00,16.00,40.00


-16.00,16.00,40.00


-19.00,14.00,37.00


-19.00,14.00,37.00


-19.00,14.00,37.00


-19.00,14.00,37.00


-14.00,16.00,41.00


-14.00,16.00,41.00


-14.00,16.00,41.00


-17.00,16.00,39.00


-17.00,16.00,39.00


-17.00,16.00,39.00


-17.00,16.00,43.00


-17.00,16.00,43.00


-17.00,16.00,43.00


-17.00,16.00,43.00


-15.00,16.00,37.00


-15.00,16.00,37.00


-15.00,16.00,37.00


-17.00,14.00,45.00


-17.00,14.00,45.00


-17.00,14.00,45.00


-16.00,16.00,39.00


-16.00,16.00,39.00


-16.00,16.00,39.00


-16.00,16.00,39.00


-8.00,13.00,33.00


-8.00,13.00,33.00


-8.00,13.00,33.00


1.00,6.00,34.00


1.00,6.00,34.00


1.00,6.00,34.00


1.00,6.00,34.00


6.00,3.00,32.00


6.00,3.00,32.00


6.00,3.00,32.00


4.00,-4.00,30.00


4.00,-4.00,30.00


4.00,-4.00,30.00


2.00,-8.00,31.00


2.00,-8.00,31.00


2.00,-8.00,31.00


2.00,-8.00,31.00


4.00,-10.00,25.00


4.00,-10.00,25.00


4.00,-10.00,25.00


5.00,-13.00,24.00


5.00,-13.00,24.00


5.00,-13.00,24.00


6.00,-18.00,24.00


6.00,-18.00,24.00


6.00,-18.00,24.00


6.00,-18.00,24.00


1.00,-24.00,19.00


1.00,-24.00,19.00


1.00,-24.00,19.00


5.00,-30.00,14.00


5.00,-30.00,14.00


5.00,-30.00,14.00


1.00,-34.00,5.00


1.00,-34.00,5.00


1.00,-34.00,5.00


1.00,-34.00,5.00


-1.00,-37.00,1.00


-1.00,-37.00,1.00


-1.00,-37.00,1.00


0.00,-40.00,-18.00


0.00,-40.00,-18.00


0.00,-40.00,-18.00


0.00,-40.00,-18.00


0.00,-42.00,-25.00


0.00,-42.00,-25.00


0.00,-42.00,-25.00


1.00,-37.00,-40.00


1.00,-37.00,-40.00


1.00,-37.00,-40.00


0.00,-30.00,-54.00


0.00,-30.00,-54.00


0.00,-30.00,-54.00


0.00,-30.00,-54.00


-2.00,-22.00,-57.00


-2.00,-22.00,-57.00


-2.00,-22.00,-57.00


0.00,-8.00,-66.00


0.00,-8.00,-66.00


0.00,-8.00,-66.00


0.00,-3.00,-69.00


0.00,-3.00,-69.00


0.00,-3.00,-69.00


0.00,-3.00,-69.00


6.00,3.00,-62.00


6.00,3.00,-62.00


6.00,3.00,-62.00


13.00,12.00,-53.00


13.00,12.00,-53.00


13.00,12.00,-53.00


20.00,15.00,-46.00


20.00,15.00,-46.00


20.00,15.00,-46.00


20.00,15.00,-46.00


26.00,9.00,-27.00


26.00,9.00,-27.00


26.00,9.00,-27.00


28.00,10.00,-11.00


28.00,10.00,-11.00


28.00,10.00,-11.00


28.00,10.00,-11.00


27.00,7.00,-1.00


27.00,7.00,-1.00


27.00,7.00,-1.00


23.00,4.00,13.00


23.00,4.00,13.00


23.00,4.00,13.00


18.00,3.00,12.00


18.00,3.00,12.00


18.00,3.00,12.00


18.00,3.00,12.00


14.00,2.00,18.00


14.00,2.00,18.00


14.00,2.00,18.00


11.00,0.00,21.00


11.00,0.00,21.00


11.00,0.00,21.00


11.00,-3.00,23.00


11.00,-3.00,23.00


11.00,-3.00,23.00


11.00,-3.00,23.00


16.00,-3.00,19.00


16.00,-3.00,19.00


16.00,-3.00,19.00


18.00,-2.00,15.00


18.00,-2.00,15.00


18.00,-2.00,15.00


21.00,-6.00,0.00


21.00,-6.00,0.00


21.00,-6.00,0.00


21.00,-6.00,0.00


22.00,-8.00,-17.00


22.00,-8.00,-17.00


22.00,-8.00,-17.00


21.00,-8.00,-30.00


21.00,-8.00,-30.00


21.00,-8.00,-30.00


21.00,-8.00,-30.00


15.00,-12.00,-43.00


15.00,-12.00,-43.00


15.00,-12.00,-43.00


2.00,-20.00,-52.00


2.00,-20.00,-52.00


2.00,-20.00,-52.00


-9.00,-24.00,-58.00


-9.00,-24.00,-58.00


-9.00,-24.00,-58.00


-9.00,-24.00,-58.00


-24.00,-24.00,-63.00


-24.00,-24.00,-63.00


-24.00,-24.00,-63.00


-41.00,-21.00,-69.00


-41.00,-21.00,-69.00


-41.00,-21.00,-69.00


-54.00,-18.00,-61.00


-54.00,-18.00,-61.00


-54.00,-18.00,-61.00


-54.00,-18.00,-61.00


-60.00,-13.00,-53.00


-60.00,-13.00,-53.00


-60.00,-13.00,-53.00


-63.00,-13.00,-49.00


-63.00,-13.00,-49.00


-63.00,-13.00,-49.00


-63.00,-13.00,-49.00


-67.00,-9.00,-46.00


-67.00,-9.00,-46.00


-67.00,-9.00,-46.00


-66.00,-10.00,-47.00


-66.00,-10.00,-47.00


-66.00,-10.00,-47.00


-69.00,-11.00,-37.00


-69.00,-11.00,-37.00


-69.00,-11.00,-37.00


-69.00,-11.00,-37.00


-75.00,-9.00,-33.00


-75.00,-9.00,-33.00


-75.00,-9.00,-33.00


-73.00,-10.00,-32.00


-73.00,-10.00,-32.00


-73.00,-10.00,-32.00


-77.00,-9.00,-27.00


-77.00,-9.00,-27.00


-77.00,-9.00,-27.00


-77.00,-9.00,-27.00


-76.00,-11.00,-21.00


-76.00,-11.00,-21.00


-76.00,-11.00,-21.00


-80.00,-14.00,-14.00


-80.00,-14.00,-14.00


-80.00,-14.00,-14.00


-80.00,-14.00,-14.00


-81.00,-12.00,0.00


-81.00,-12.00,0.00


-81.00,-12.00,0.00


-83.00,-8.00,1.00


-83.00,-8.00,1.00


-83.00,-8.00,1.00


-84.00,-5.00,5.00


-84.00,-5.00,5.00


-84.00,-5.00,5.00


-84.00,-5.00,5.00


-87.00,-5.00,-1.00


-87.00,-5.00,-1.00


-87.00,-5.00,-1.00


-89.00,-3.00,-6.00


-89.00,-3.00,-6.00


-89.00,-3.00,-6.00


-89.00,-3.00,-6.00


-87.00,-4.00,-17.00


-87.00,-4.00,-17.00


-87.00,-4.00,-17.00


-86.00,-2.00,-17.00


-86.00,-2.00,-17.00


-86.00,-2.00,-17.00


-91.00,-3.00,-27.00


-91.00,-3.00,-27.00


-91.00,-3.00,-27.00


-91.00,-3.00,-27.00


-92.00,-3.00,-27.00


-92.00,-3.00,-27.00


-92.00,-3.00,-27.00


-94.00,0.00,-30.00


-94.00,0.00,-30.00


-94.00,0.00,-30.00


-96.00,2.00,-30.00


-96.00,2.00,-30.00


-96.00,2.00,-30.00


-96.00,2.00,-30.00


-99.00,5.00,-24.00


-99.00,5.00,-24.00


-99.00,5.00,-24.00


-97.00,2.00,-28.00


-97.00,2.00,-28.00


-97.00,2.00,-28.00


-97.00,2.00,-28.00


-96.00,0.00,-35.00


-96.00,0.00,-35.00


-96.00,0.00,-35.00


-87.00,-4.00,-45.00


-87.00,-4.00,-45.00


-87.00,-4.00,-45.00


-79.00,-8.00,-52.00


-79.00,-8.00,-52.00


-79.00,-8.00,-52.00


-79.00,-8.00,-52.00


-72.00,-13.00,-55.00


-72.00,-13.00,-55.00


-72.00,-13.00,-55.00


-61.00,-16.00,-70.00


-61.00,-16.00,-70.00


-61.00,-16.00,-70.00


-51.00,-13.00,-66.00


-51.00,-13.00,-66.00


-51.00,-13.00,-66.00


-51.00,-13.00,-66.00


-37.00,-12.00,-74.00


-37.00,-12.00,-74.00


-37.00,-12.00,-74.00


-25.00,-10.00,-81.00


-25.00,-10.00,-81.00


-25.00,-10.00,-81.00


-25.00,-10.00,-81.00


-15.00,-9.00,-71.00


-15.00,-9.00,-71.00


-15.00,-9.00,-71.00


-4.00,-5.00,-69.00


-4.00,-5.00,-69.00


-4.00,-5.00,-69.00


9.00,-7.00,-64.00


9.00,-7.00,-64.00


9.00,-7.00,-64.00


9.00,-7.00,-64.00


16.00,-3.00,-52.00


16.00,-3.00,-52.00


16.00,-3.00,-52.00


22.00,-5.00,-42.00


22.00,-5.00,-42.00


22.00,-5.00,-42.00


27.00,3.00,-30.00


27.00,3.00,-30.00


27.00,3.00,-30.00


27.00,3.00,-30.00


26.00,2.00,-18.00


26.00,2.00,-18.00


26.00,2.00,-18.00


26.00,2.00,-3.00


26.00,2.00,-3.00


26.00,2.00,-3.00


26.00,2.00,-3.00


24.00,1.00,1.00


24.00,1.00,1.00


24.00,1.00,1.00


19.00,0.00,11.00


19.00,0.00,11.00


19.00,0.00,11.00


18.00,1.00,16.00


18.00,1.00,16.00


18.00,1.00,16.00


18.00,1.00,16.00


16.00,-1.00,20.00


16.00,-1.00,20.00


16.00,-1.00,20.00


13.00,-3.00,20.00


13.00,-3.00,20.00


13.00,-3.00,20.00


14.00,-3.00,20.00


14.00,-3.00,20.00


14.00,-3.00,20.00


14.00,-3.00,20.00


11.00,-5.00,25.00


11.00,-5.00,25.00


11.00,-5.00,25.00


12.00,-8.00,22.00


12.00,-8.00,22.00


12.00,-8.00,22.00


12.00,-8.00,22.00


6.00,-9.00,24.00


6.00,-9.00,24.00


6.00,-9.00,24.00


5.00,-10.00,28.00


5.00,-10.00,28.00


5.00,-10.00,28.00


-1.00,-12.00,28.00


-1.00,-12.00,28.00


-1.00,-12.00,28.00


-1.00,-12.00,28.00


-1.00,-12.00,32.00


-1.00,-12.00,32.00


-1.00,-12.00,32.00


-8.00,-12.00,30.00


-8.00,-12.00,30.00


-8.00,-12.00,30.00


-16.00,-7.00,35.00


-16.00,-7.00,35.00


-16.00,-7.00,35.00


-16.00,-7.00,35.00


-11.00,-5.00,34.00


-11.00,-5.00,34.00


-11.00,-5.00,34.00


-10.00,0.00,38.00


-10.00,0.00,38.00


-10.00,0.00,38.00


-10.00,0.00,38.00


-9.00,2.00,39.00


-9.00,2.00,39.00


-9.00,2.00,39.00


-8.00,2.00,40.00


-8.00,2.00,40.00


-8.00,2.00,40.00


-11.00,-1.00,38.00


-11.00,-1.00,38.00


-11.00,-1.00,38.00


-11.00,-1.00,38.00


-5.00,-4.00,36.00


-5.00,-4.00,36.00


-5.00,-4.00,36.00


-4.00,-15.00,35.00


-4.00,-15.00,35.00


-4.00,-15.00,35.00


0.00,-27.00,18.00


0.00,-27.00,18.00


0.00,-27.00,18.00


0.00,-27.00,18.00


-2.00,-41.00,-1.00


-2.00,-41.00,-1.00


-2.00,-41.00,-1.00


0.00,-42.00,-21.00


0.00,-42.00,-21.00


0.00,-42.00,-21.00


0.00,-42.00,-21.00


0.00,-35.00,-42.00


0.00,-35.00,-42.00


0.00,-35.00,-42.00


-1.00,-23.00,-57.00


-1.00,-23.00,-57.00


-1.00,-23.00,-57.00


-4.00,-12.00,-66.00


-4.00,-12.00,-66.00


-4.00,-12.00,-66.00


-4.00,-12.00,-66.00


-4.00,0.00,-71.00


-4.00,0.00,-71.00


-4.00,0.00,-71.00


-5.00,9.00,-73.00


-5.00,9.00,-73.00


-5.00,9.00,-73.00


-5.00,9.00,-73.00


-6.00,22.00,-73.00


-6.00,22.00,-73.00


-6.00,22.00,-73.00


-10.00,27.00,-68.00


-10.00,27.00,-68.00


-10.00,27.00,-68.00


-20.00,42.00,-67.00


-20.00,42.00,-67.00


-20.00,42.00,-67.00


-20.00,42.00,-67.00


-25.00,45.00,-58.00


-25.00,45.00,-58.00


-25.00,45.00,-58.00


-20.00,41.00,-66.00


-20.00,41.00,-66.00


-20.00,41.00,-66.00


-20.00,42.00,-73.00


-20.00,42.00,-73.00


-20.00,42.00,-73.00


-20.00,42.00,-73.00


-18.00,42.00,-68.00


-18.00,42.00,-68.00


-18.00,42.00,-68.00


-21.00,44.00,-61.00


-21.00,44.00,-61.00


-21.00,44.00,-61.00


-21.00,44.00,-61.00


-20.00,44.00,-66.00


-20.00,44.00,-66.00


-20.00,44.00,-66.00


-17.00,46.00,-68.00


-17.00,46.00,-68.00


-17.00,46.00,-68.00


-12.00,54.00,-56.00


-12.00,54.00,-56.00


-12.00,54.00,-56.00


-12.00,54.00,-56.00


-9.00,65.00,-38.00


-9.00,65.00,-38.00


-9.00,65.00,-38.00


-8.00,67.00,-29.00


-8.00,67.00,-29.00


-8.00,67.00,-29.00


-9.00,69.00,-24.00


-9.00,69.00,-24.00


-9.00,69.00,-24.00


-9.00,69.00,-24.00


-9.00,71.00,-12.00


-9.00,71.00,-12.00


-9.00,71.00,-12.00


-10.00,72.00,-8.00


-10.00,72.00,-8.00


-10.00,72.00,-8.00


-13.00,70.00,-24.00


-13.00,70.00,-24.00


-13.00,70.00,-24.00


-13.00,70.00,-24.00


-11.00,64.00,-37.00


-11.00,64.00,-37.00


-11.00,64.00,-37.00


-9.00,57.00,-44.00


-9.00,57.00,-44.00


-9.00,57.00,-44.00


-9.00,57.00,-44.00


-1.00,41.00,-57.00


-1.00,41.00,-57.00


-1.00,41.00,-57.00


3.00,31.00,-63.00


3.00,31.00,-63.00


3.00,31.00,-63.00


4.00,23.00,-64.00


4.00,23.00,-64.00


4.00,23.00,-64.00


4.00,23.00,-64.00


5.00,16.00,-61.00


5.00,16.00,-61.00


5.00,16.00,-61.00


6.00,6.00,-65.00


6.00,6.00,-65.00


6.00,6.00,-65.00


6.00,6.00,-65.00


3.00,0.00,-68.00


3.00,0.00,-68.00


3.00,0.00,-68.00


-3.00,-10.00,-68.00


-3.00,-10.00,-68.00


-3.00,-10.00,-68.00


-14.00,-10.00,-69.00


-14.00,-10.00,-69.00


-14.00,-10.00,-69.00


-14.00,-10.00,-69.00


-21.00,-5.00,-78.00


-21.00,-5.00,-78.00


-21.00,-5.00,-78.00


-20.00,-6.00,-69.00


-20.00,-6.00,-69.00


-20.00,-6.00,-69.00


-19.00,-9.00,-72.00


-19.00,-9.00,-72.00


-19.00,-9.00,-72.00


-19.00,-9.00,-72.00


-16.00,-13.00,-73.00


-16.00,-13.00,-73.00


-16.00,-13.00,-73.00


-6.00,-25.00,-62.00


-6.00,-25.00,-62.00


-6.00,-25.00,-62.00


1.00,-23.00,-55.00


1.00,-23.00,-55.00


1.00,-23.00,-55.00


1.00,-23.00,-55.00


0.00,-33.00,-42.00


0.00,-33.00,-42.00


0.00,-33.00,-42.00


4.00,-40.00,-31.00


4.00,-40.00,-31.00


4.00,-40.00,-31.00


4.00,-40.00,-31.00


3.00,-40.00,-12.00


3.00,-40.00,-12.00


3.00,-40.00,-12.00


5.00,-38.00,2.00


5.00,-38.00,2.00


5.00,-38.00,2.00


2.00,-32.00,7.00


2.00,-32.00,7.00


2.00,-32.00,7.00


2.00,-32.00,7.00


-3.00,-22.00,23.00


-3.00,-22.00,23.00


-3.00,-22.00,23.00


-7.00,-11.00,31.00


-7.00,-11.00,31.00


-7.00,-11.00,31.00


-8.00,-10.00,32.00


-8.00,-10.00,32.00


-8.00,-10.00,32.00


-8.00,-10.00,32.00


-9.00,0.00,35.00


-9.00,0.00,35.00


-9.00,0.00,35.00


-5.00,6.00,37.00


-5.00,6.00,37.00


-5.00,6.00,37.00


-5.00,6.00,37.00


-5.00,8.00,36.00


-5.00,8.00,36.00


-5.00,8.00,36.00


-5.00,9.00,32.00


-5.00,9.00,32.00


-5.00,9.00,32.00


-5.00,13.00,36.00


-5.00,13.00,36.00


-5.00,13.00,36.00


-5.00,13.00,36.00


-2.00,20.00,32.00


-2.00,20.00,32.00


-2.00,20.00,32.00


-5.00,21.00,36.00


-5.00,21.00,36.00


-5.00,21.00,36.00


-5.00,24.00,30.00


-5.00,24.00,30.00


-5.00,24.00,30.00


-5.00,24.00,30.00


-2.00,21.00,29.00


-2.00,21.00,29.00


-2.00,21.00,29.00


4.00,28.00,34.00


4.00,28.00,34.00


4.00,28.00,34.00


4.00,28.00,34.00


0.00,28.00,32.00


0.00,28.00,32.00


0.00,28.00,32.00


-4.00,28.00,34.00


-4.00,28.00,34.00


-4.00,28.00,34.00


1.00,29.00,34.00


1.00,29.00,34.00


1.00,29.00,34.00


1.00,29.00,34.00


0.00,30.00,33.00


0.00,30.00,33.00


0.00,30.00,33.00


-5.00,32.00,30.00


-5.00,32.00,30.00


-5.00,32.00,30.00


-6.00,32.00,34.00


-6.00,32.00,34.00


-6.00,32.00,34.00


-6.00,32.00,34.00


-8.00,33.00,37.00


-8.00,33.00,37.00


-8.00,33.00,37.00


-8.00,36.00,35.00


-8.00,36.00,35.00


-8.00,36.00,35.00


-8.00,36.00,35.00


-8.00,40.00,32.00


-8.00,40.00,32.00


-8.00,40.00,32.00


-9.00,45.00,33.00


-9.00,45.00,33.00


-9.00,45.00,33.00


-12.00,48.00,28.00


-12.00,48.00,28.00


-12.00,48.00,28.00


-12.00,48.00,28.00


-14.00,59.00,29.00


-14.00,59.00,29.00


-14.00,59.00,29.00


-24.00,67.00,17.00


-24.00,67.00,17.00


-24.00,67.00,17.00


-21.00,68.00,12.00


-21.00,68.00,12.00


-21.00,68.00,12.00


-21.00,68.00,12.00


-24.00,69.00,10.00


-24.00,69.00,10.00


-24.00,69.00,10.00


-26.00,69.00,10.00


-26.00,69.00,10.00


-26.00,69.00,10.00


-26.00,69.00,10.00


-20.00,65.00,17.00


-20.00,65.00,17.00


-20.00,65.00,17.00


-3.00,50.00,38.00


-3.00,50.00,38.00


-3.00,50.00,38.00


4.00,30.00,35.00


4.00,30.00,35.00


4.00,30.00,35.00


4.00,30.00,35.00


0.00,22.00,30.00


0.00,22.00,30.00


0.00,22.00,30.00


-4.00,17.00,31.00


-4.00,17.00,31.00


-4.00,17.00,31.00


-6.00,10.00,34.00


-6.00,10.00,34.00


-6.00,10.00,34.00


-6.00,10.00,34.00


-6.00,5.00,37.00


-6.00,5.00,37.00


-6.00,5.00,37.00


-13.00,5.00,40.00


-13.00,5.00,40.00


-13.00,5.00,40.00


-13.00,5.00,40.00


-13.00,10.00,33.00


-13.00,10.00,33.00


-13.00,10.00,33.00


-10.00,16.00,36.00


-10.00,16.00,36.00


-10.00,16.00,36.00


-25.00,13.00,37.00


-25.00,13.00,37.00


-25.00,13.00,37.00


-25.00,13.00,37.00


-24.00,10.00,40.00


-24.00,10.00,40.00


-24.00,10.00,40.00


-26.00,7.00,42.00


-26.00,7.00,42.00


-26.00,7.00,42.00


-26.00,7.00,42.00


-30.00,6.00,37.00


-30.00,6.00,37.00


-30.00,6.00,37.00


-31.00,9.00,41.00


-31.00,9.00,41.00


-31.00,9.00,41.00


-37.00,9.00,36.00


-37.00,9.00,36.00


-37.00,9.00,36.00


-37.00,9.00,36.00


-36.00,9.00,41.00


-36.00,9.00,41.00


-36.00,9.00,41.00


-33.00,6.00,38.00


-33.00,6.00,38.00


-33.00,6.00,38.00


-38.00,2.00,37.00


-38.00,2.00,37.00


-38.00,2.00,37.00


-38.00,2.00,37.00


-40.00,4.00,34.00


-40.00,4.00,34.00


-40.00,4.00,34.00


-30.00,13.00,37.00


-30.00,13.00,37.00


-30.00,13.00,37.00


-30.00,13.00,37.00


-26.00,9.00,35.00


-26.00,9.00,35.00


-26.00,9.00,35.00


-19.00,10.00,38.00


-19.00,10.00,38.00


-19.00,10.00,38.00


-15.00,2.00,37.00


-15.00,2.00,37.00


-15.00,2.00,37.00


-15.00,2.00,37.00


-9.00,-5.00,32.00


-9.00,-5.00,32.00


-9.00,-5.00,32.00


-8.00,-6.00,34.00


-8.00,-6.00,34.00


-8.00,-6.00,34.00


-6.00,-11.00,33.00


-6.00,-11.00,33.00


-6.00,-11.00,33.00


-6.00,-11.00,33.00


-5.00,-12.00,32.00


-5.00,-12.00,32.00


-5.00,-12.00,32.00


-4.00,-12.00,32.00


-4.00,-12.00,32.00


-4.00,-12.00,32.00


-4.00,-12.00,32.00


1.00,-10.00,25.00


1.00,-10.00,25.00


1.00,-10.00,25.00


1.00,-10.00,28.00


1.00,-10.00,28.00


1.00,-10.00,28.00


0.00,-14.00,25.00


0.00,-14.00,25.00


0.00,-14.00,25.00


0.00,-14.00,25.00


1.00,-12.00,27.00


1.00,-12.00,27.00


1.00,-12.00,27.00


-1.00,-11.00,30.00


-1.00,-11.00,30.00


-1.00,-11.00,30.00


-5.00,-14.00,29.00


-5.00,-14.00,29.00


-5.00,-14.00,29.00


-5.00,-14.00,29.00


1.00,-12.00,32.00


1.00,-12.00,32.00


1.00,-12.00,32.00


-3.00,-12.00,28.00


-3.00,-12.00,28.00


-3.00,-12.00,28.00


-3.00,-12.00,28.00


-10.00,-18.00,29.00


-10.00,-18.00,29.00


-10.00,-18.00,29.00


-13.00,-21.00,27.00


-13.00,-21.00,27.00


-13.00,-21.00,27.00


-19.00,-14.00,25.00


-19.00,-14.00,25.00


-19.00,-14.00,25.00


-19.00,-14.00,25.00


-25.00,-15.00,16.00


-25.00,-15.00,16.00


-25.00,-15.00,16.00


-33.00,-10.00,26.00


-33.00,-10.00,26.00


-33.00,-10.00,26.00


-33.00,-10.00,26.00


-41.00,-9.00,34.00


-41.00,-9.00,34.00


-41.00,-9.00,34.00


-35.00,-17.00,41.00


-35.00,-17.00,41.00


-35.00,-17.00,41.00


-33.00,-18.00,41.00


-33.00,-18.00,41.00


-33.00,-18.00,41.00


-33.00,-18.00,41.00


-30.00,-19.00,40.00


-30.00,-19.00,40.00


-30.00,-19.00,40.00


-34.00,-13.00,42.00


-34.00,-13.00,42.00


-34.00,-13.00,42.00


-34.00,-13.00,42.00


-31.00,-12.00,41.00


-31.00,-12.00,41.00


-31.00,-12.00,41.00


-31.00,-13.00,44.00


-31.00,-13.00,44.00


-31.00,-13.00,44.00


-29.00,-12.00,39.00


-29.00,-12.00,39.00


-29.00,-12.00,39.00


-29.00,-12.00,39.00


-31.00,-11.00,41.00


-31.00,-11.00,41.00


-31.00,-11.00,41.00


-31.00,-4.00,41.00


-31.00,-4.00,41.00


-31.00,-4.00,41.00


-34.00,-3.00,44.00


-34.00,-3.00,44.00


-34.00,-3.00,44.00


-34.00,-3.00,44.00


-27.00,-13.00,46.00


-27.00,-13.00,46.00


-27.00,-13.00,46.00


-18.00,-12.00,46.00


-18.00,-12.00,46.00


-18.00,-12.00,46.00


-18.00,-12.00,46.00


-17.00,-17.00,46.00


-17.00,-17.00,46.00


-17.00,-17.00,46.00


-16.00,-19.00,43.00


-16.00,-19.00,43.00


-16.00,-19.00,43.00


-12.00,-20.00,34.00


-12.00,-20.00,34.00


-12.00,-20.00,34.00


-12.00,-20.00,34.00


-7.00,-15.00,29.00


-7.00,-15.00,29.00


-7.00,-15.00,29.00


2.00,-16.00,20.00


2.00,-16.00,20.00


2.00,-16.00,20.00


6.00,-13.00,24.00


6.00,-13.00,24.00


6.00,-13.00,24.00


6.00,-13.00,24.00


8.00,-11.00,24.00


8.00,-11.00,24.00


8.00,-11.00,24.00


8.00,-9.00,25.00


8.00,-9.00,25.00


8.00,-9.00,25.00


9.00,-11.00,21.00


9.00,-11.00,21.00


9.00,-11.00,21.00


9.00,-11.00,21.00


10.00,-13.00,23.00


10.00,-13.00,23.00


10.00,-13.00,23.00


11.00,-13.00,17.00


11.00,-13.00,17.00


11.00,-13.00,17.00


11.00,-13.00,17.00


12.00,-17.00,16.00


12.00,-17.00,16.00


12.00,-17.00,16.00


11.00,-25.00,10.00


11.00,-25.00,10.00


11.00,-25.00,10.00


9.00,-26.00,3.00


9.00,-26.00,3.00


9.00,-26.00,3.00


9.00,-26.00,3.00


9.00,-34.00,-4.00


9.00,-34.00,-4.00


9.00,-34.00,-4.00


7.00,-36.00,-13.00


7.00,-36.00,-13.00


7.00,-36.00,-13.00


8.00,-33.00,-27.00


8.00,-33.00,-27.00


8.00,-33.00,-27.00


8.00,-33.00,-27.00


4.00,-33.00,-29.00


4.00,-33.00,-29.00


4.00,-33.00,-29.00


8.00,-25.00,-43.00


8.00,-25.00,-43.00


8.00,-25.00,-43.00


9.00,-16.00,-48.00


9.00,-16.00,-48.00


9.00,-16.00,-48.00


9.00,-16.00,-48.00


9.00,-13.00,-52.00


9.00,-13.00,-52.00


9.00,-13.00,-52.00


12.00,-4.00,-54.00


12.00,-4.00,-54.00


12.00,-4.00,-54.00


12.00,7.00,-56.00


12.00,7.00,-56.00


12.00,7.00,-56.00


12.00,7.00,-56.00


13.00,15.00,-59.00


13.00,15.00,-59.00


13.00,15.00,-59.00


11.00,24.00,-54.00


11.00,24.00,-54.00


11.00,24.00,-54.00


11.00,24.00,-54.00


9.00,26.00,-51.00


9.00,26.00,-51.00


9.00,26.00,-51.00


4.00,35.00,-57.00


4.00,35.00,-57.00


4.00,35.00,-57.00


1.00,34.00,-61.00


1.00,34.00,-61.00


1.00,34.00,-61.00


1.00,34.00,-61.00


4.00,33.00,-62.00


4.00,33.00,-62.00


4.00,33.00,-62.00


1.00,37.00,-62.00


1.00,37.00,-62.00


1.00,37.00,-62.00


0.00,33.00,-59.00


0.00,33.00,-59.00


0.00,33.00,-59.00


0.00,33.00,-59.00


2.00,35.00,-59.00


2.00,35.00,-59.00


2.00,35.00,-59.00


1.00,44.00,-52.00


1.00,44.00,-52.00


1.00,44.00,-52.00


1.00,44.00,-52.00


2.00,57.00,-44.00


2.00,57.00,-44.00


2.00,57.00,-44.00


2.00,60.00,-32.00


2.00,60.00,-32.00


2.00,60.00,-32.00


1.00,61.00,-26.00


1.00,61.00,-26.00


1.00,61.00,-26.00


1.00,61.00,-26.00


4.00,59.00,-30.00


4.00,59.00,-30.00


4.00,59.00,-30.00


7.00,49.00,-39.00


7.00,49.00,-39.00


7.00,49.00,-39.00


9.00,46.00,-37.00


9.00,46.00,-37.00


9.00,46.00,-37.00


9.00,46.00,-37.00


16.00,38.00,-42.00


16.00,38.00,-42.00


16.00,38.00,-42.00


10.00,32.00,-44.00


10.00,32.00,-44.00


10.00,32.00,-44.00


10.00,32.00,-44.00


13.00,26.00,-49.00


13.00,26.00,-49.00


13.00,26.00,-49.00


15.00,20.00,-50.00


15.00,20.00,-50.00


15.00,20.00,-50.00


17.00,20.00,-45.00


17.00,20.00,-45.00


17.00,20.00,-45.00


17.00,20.00,-45.00


19.00,16.00,-45.00


19.00,16.00,-45.00


19.00,16.00,-45.00


18.00,9.00,-44.00


18.00,9.00,-44.00


18.00,9.00,-44.00


18.00,9.00,-44.00


19.00,4.00,-37.00


19.00,4.00,-37.00


19.00,4.00,-37.00


20.00,-6.00,-45.00


20.00,-6.00,-45.00


20.00,-6.00,-45.00


14.00,-11.00,-45.00


14.00,-11.00,-45.00


14.00,-11.00,-45.00


14.00,-11.00,-45.00


10.00,-17.00,-46.00


10.00,-17.00,-46.00


10.00,-17.00,-46.00


13.00,-25.00,-37.00


13.00,-25.00,-37.00


13.00,-25.00,-37.00


14.00,-28.00,-28.00


14.00,-28.00,-28.00


14.00,-28.00,-28.00


14.00,-28.00,-28.00


11.00,-32.00,-19.00


11.00,-32.00,-19.00


11.00,-32.00,-19.00


10.00,-32.00,-21.00


10.00,-32.00,-21.00


10.00,-32.00,-21.00


10.00,-32.00,-21.00


7.00,-33.00,-16.00


7.00,-33.00,-16.00


7.00,-33.00,-16.00


8.00,-38.00,-9.00


8.00,-38.00,-9.00


8.00,-38.00,-9.00


10.00,-32.00,-5.00


10.00,-32.00,-5.00


10.00,-32.00,-5.00


10.00,-32.00,-5.00


13.00,-27.00,1.00


13.00,-27.00,1.00


13.00,-27.00,1.00


12.00,-29.00,-2.00


12.00,-29.00,-2.00


12.00,-29.00,-2.00


12.00,-27.00,3.00


12.00,-27.00,3.00


12.00,-27.00,3.00


12.00,-27.00,3.00


12.00,-19.00,16.00


12.00,-19.00,16.00


12.00,-19.00,16.00


11.00,-16.00,22.00


11.00,-16.00,22.00


11.00,-16.00,22.00


11.00,-16.00,22.00


8.00,-15.00,23.00


8.00,-15.00,23.00


8.00,-15.00,23.00


9.00,-7.00,27.00


9.00,-7.00,27.00


9.00,-7.00,27.00


0.00,-1.00,35.00


0.00,-1.00,35.00


0.00,-1.00,35.00


0.00,-1.00,35.00


-2.00,7.00,34.00


-2.00,7.00,34.00


-2.00,7.00,34.00


-6.00,10.00,31.00


-6.00,10.00,31.00


-6.00,10.00,31.00


-6.00,10.00,31.00


-8.00,18.00,22.00


-8.00,18.00,22.00


-8.00,18.00,22.00


-6.00,13.00,0.00


-6.00,13.00,0.00


-6.00,13.00,0.00


-8.00,-1.00,2.00


-8.00,-1.00,2.00


-8.00,-1.00,2.00


-8.00,-1.00,2.00


-6.00,-17.00,8.00


-6.00,-17.00,8.00


-6.00,-17.00,8.00


3.00,-24.00,32.00


3.00,-24.00,32.00


3.00,-24.00,32.00


3.00,-24.00,32.00


2.00,-2.00,67.00


2.00,-2.00,67.00


2.00,-2.00,67.00


-5.00,8.00,72.00


-5.00,8.00,72.00


-5.00,8.00,72.00


-6.00,6.00,79.00


-6.00,6.00,79.00


-6.00,6.00,79.00


-6.00,6.00,79.00


-6.00,3.00,77.00


-6.00,3.00,77.00


-6.00,3.00,77.00


-5.00,14.00,76.00


-5.00,14.00,76.00


-5.00,14.00,76.00


-14.00,25.00,66.00


-14.00,25.00,66.00


-14.00,25.00,66.00


-14.00,25.00,66.00


-23.00,52.00,55.00


-23.00,52.00,55.00


-23.00,52.00,55.00


-24.00,53.00,56.00


-24.00,53.00,56.00


-24.00,53.00,56.00


-24.00,53.00,56.00


-24.00,52.00,64.00


-24.00,52.00,64.00


-24.00,52.00,64.00


-25.00,52.00,66.00


-25.00,52.00,66.00


-25.00,52.00,66.00


-10.00,40.00,78.00


-10.00,40.00,78.00


-10.00,40.00,78.00


-10.00,40.00,78.00


14.00,-1.00,39.00


14.00,-1.00,39.00


14.00,-1.00,39.00


-1.00,6.00,23.00


-1.00,6.00,23.00


-1.00,6.00,23.00


-1.00,6.00,23.00


-6.00,2.00,30.00


-6.00,2.00,30.00


-6.00,2.00,30.00


-4.00,-4.00,28.00


-4.00,-4.00,28.00


-4.00,-4.00,28.00


3.00,-16.00,27.00


3.00,-16.00,27.00


3.00,-16.00,27.00


3.00,-16.00,27.00


4.00,-21.00,16.00


4.00,-21.00,16.00


4.00,-21.00,16.00


10.00,-24.00,11.00


10.00,-24.00,11.00


10.00,-24.00,11.00


11.00,-19.00,15.00


11.00,-19.00,15.00


11.00,-19.00,15.00


11.00,-19.00,15.00


13.00,-15.00,17.00


13.00,-15.00,17.00


13.00,-15.00,17.00


11.00,-5.00,22.00


11.00,-5.00,22.00


11.00,-5.00,22.00


11.00,-5.00,22.00


2.00,3.00,30.00


2.00,3.00,30.00


2.00,3.00,30.00


0.00,15.00,25.00


0.00,15.00,25.00


0.00,15.00,25.00


-4.00,14.00,20.00


-4.00,14.00,20.00


-4.00,14.00,20.00


-4.00,14.00,20.00


0.00,14.00,27.00


0.00,14.00,27.00


0.00,14.00,27.00


0.00,30.00,36.00


0.00,30.00,36.00


0.00,30.00,36.00


0.00,30.00,36.00


-9.00,48.00,34.00


-9.00,48.00,34.00


-9.00,48.00,34.00


-17.00,58.00,30.00


-17.00,58.00,30.00


-17.00,58.00,30.00


-24.00,61.00,18.00


-24.00,61.00,18.00


-24.00,61.00,18.00


-24.00,61.00,18.00


-24.00,67.00,15.00


-24.00,67.00,15.00


-24.00,67.00,15.00


-26.00,65.00,17.00


-26.00,65.00,17.00


-26.00,65.00,17.00


-16.00,38.00,44.00


-16.00,38.00,44.00


-16.00,38.00,44.00


-16.00,38.00,44.00


-2.00,10.00,31.00


-2.00,10.00,31.00


-2.00,10.00,31.00


-2.00,-9.00,31.00


-2.00,-9.00,31.00


-2.00,-9.00,31.00


-2.00,-22.00,25.00


-2.00,-22.00,25.00


-2.00,-22.00,25.00


-2.00,-22.00,25.00


-12.00,-32.00,19.00


-12.00,-32.00,19.00


-12.00,-32.00,19.00


-16.00,-35.00,20.00


-16.00,-35.00,20.00


-16.00,-35.00,20.00


-16.00,-35.00,20.00


-28.00,-39.00,17.00


-28.00,-39.00,17.00


-28.00,-39.00,17.00


-40.00,-37.00,12.00


-40.00,-37.00,12.00


-40.00,-37.00,12.00


-41.00,-34.00,5.00


-41.00,-34.00,5.00


-41.00,-34.00,5.00


-41.00,-34.00,5.00


-36.00,-38.00,10.00


-36.00,-38.00,10.00


-36.00,-38.00,10.00


-34.00,-39.00,13.00


-34.00,-39.00,13.00


-34.00,-39.00,13.00


-39.00,-37.00,7.00


-39.00,-37.00,7.00


-39.00,-37.00,7.00


-39.00,-37.00,7.00


-42.00,-35.00,1.00


-42.00,-35.00,1.00


-42.00,-35.00,1.00


-41.00,-42.00,-24.00


-41.00,-42.00,-24.00


-41.00,-42.00,-24.00


-41.00,-42.00,-24.00


-41.00,-41.00,-34.00


-41.00,-41.00,-34.00


-41.00,-41.00,-34.00


-41.00,-41.00,-46.00


-41.00,-41.00,-46.00


-41.00,-41.00,-46.00


-44.00,-39.00,-45.00


-44.00,-39.00,-45.00


-44.00,-39.00,-45.00


-44.00,-39.00,-45.00


-41.00,-31.00,-55.00


-41.00,-31.00,-55.00


-41.00,-31.00,-55.00


-33.00,-31.00,-64.00


-33.00,-31.00,-64.00


-33.00,-31.00,-64.00


-29.00,-24.00,-71.00


-29.00,-24.00,-71.00


-29.00,-24.00,-71.00


-29.00,-24.00,-71.00


-24.00,-10.00,-79.00


-24.00,-10.00,-79.00


-24.00,-10.00,-79.00


-28.00,-9.00,-79.00


-28.00,-9.00,-79.00


-28.00,-9.00,-79.00


-24.00,-5.00,-83.00


-24.00,-5.00,-83.00


-24.00,-5.00,-83.00


-24.00,-5.00,-83.00


-19.00,-6.00,-76.00


-19.00,-6.00,-76.00


-19.00,-6.00,-76.00


-14.00,-1.00,-78.00


-14.00,-1.00,-78.00


-14.00,-1.00,-78.00


-20.00,7.00,-80.00


-20.00,7.00,-80.00


-20.00,7.00,-80.00


-20.00,7.00,-80.00


-18.00,7.00,-86.00


-18.00,7.00,-86.00


-18.00,7.00,-86.00


-19.00,15.00,-85.00


-19.00,15.00,-85.00


-19.00,15.00,-85.00


-19.00,15.00,-85.00


-16.00,16.00,-85.00


-16.00,16.00,-85.00


-16.00,16.00,-85.00


-8.00,4.00,-78.00


-8.00,4.00,-78.00


-8.00,4.00,-78.00


-4.00,-3.00,-75.00


-4.00,-3.00,-75.00


-4.00,-3.00,-75.00


-4.00,-3.00,-75.00


1.00,-14.00,-66.00


1.00,-14.00,-66.00


1.00,-14.00,-66.00


2.00,-18.00,-63.00


2.00,-18.00,-63.00


2.00,-18.00,-63.00


2.00,-23.00,-51.00


2.00,-23.00,-51.00


2.00,-23.00,-51.00


2.00,-23.00,-51.00


16.00,-28.00,-29.00


16.00,-28.00,-29.00


16.00,-28.00,-29.00


17.00,-25.00,-19.00


17.00,-25.00,-19.00


17.00,-25.00,-19.00


17.00,-25.00,-19.00


16.00,-26.00,-3.00


16.00,-26.00,-3.00


16.00,-26.00,-3.00


10.00,-13.00,20.00


10.00,-13.00,20.00


10.00,-13.00,20.00


6.00,5.00,31.00


6.00,5.00,31.00


6.00,5.00,31.00


6.00,5.00,31.00


1.00,13.00,28.00


1.00,13.00,28.00


1.00,13.00,28.00


0.00,11.00,35.00


0.00,11.00,35.00


0.00,11.00,35.00


0.00,11.00,35.00


0.00,10.00,36.00


0.00,10.00,36.00


0.00,10.00,36.00


0.00,11.00,29.00


0.00,11.00,29.00


0.00,11.00,29.00


1.00,14.00,32.00


1.00,14.00,32.00


1.00,14.00,32.00


1.00,14.00,32.00


8.00,17.00,31.00


8.00,17.00,31.00


8.00,17.00,31.00


7.00,15.00,25.00


7.00,15.00,25.00


7.00,15.00,25.00


6.00,15.00,28.00


6.00,15.00,28.00


6.00,15.00,28.00


6.00,15.00,28.00


7.00,20.00,30.00


7.00,20.00,30.00


7.00,20.00,30.00


3.00,19.00,29.00


3.00,19.00,29.00


3.00,19.00,29.00


3.00,19.00,29.00


6.00,21.00,27.00


6.00,21.00,27.00


6.00,21.00,27.00


8.00,25.00,25.00


8.00,25.00,25.00


8.00,25.00,25.00


2.00,33.00,27.00


2.00,33.00,27.00


2.00,33.00,27.00


2.00,33.00,27.00


-2.00,30.00,25.00


-2.00,30.00,25.00


-2.00,30.00,25.00


0.00,38.00,23.00


0.00,38.00,23.00


0.00,38.00,23.00


0.00,38.00,23.00


-3.00,43.00,25.00


-3.00,43.00,25.00


-3.00,43.00,25.00


-4.00,42.00,25.00


-4.00,42.00,25.00


-4.00,42.00,25.00


-3.00,37.00,30.00


-3.00,37.00,30.00


-3.00,37.00,30.00


-3.00,37.00,30.00


1.00,26.00,37.00


1.00,26.00,37.00


1.00,26.00,37.00


0.00,36.00,55.00


0.00,36.00,55.00


0.00,36.00,55.00


-9.00,33.00,55.00


-9.00,33.00,55.00


-9.00,33.00,55.00


-9.00,33.00,55.00


-24.00,32.00,61.00


-24.00,32.00,61.00


-24.00,32.00,61.00


-36.00,55.00,45.00


-36.00,55.00,45.00


-36.00,55.00,45.00


-36.00,55.00,45.00


-19.00,61.00,51.00


-19.00,61.00,51.00


-19.00,61.00,51.00


-12.00,56.00,51.00


-12.00,56.00,51.00


-12.00,56.00,51.00


1.00,75.00,49.00


1.00,75.00,49.00


1.00,75.00,49.00


1.00,75.00,49.00


-4.00,61.00,53.00


-4.00,61.00,53.00


-4.00,61.00,53.00


-6.00,34.00,58.00


-6.00,34.00,58.00


-6.00,34.00,58.00


-4.00,0.00,36.00


-4.00,0.00,36.00


-4.00,0.00,36.00


-4.00,0.00,36.00


1.00,-14.00,25.00


1.00,-14.00,25.00


1.00,-14.00,25.00


10.00,-12.00,18.00


10.00,-12.00,18.00


10.00,-12.00,18.00


10.00,-12.00,18.00


17.00,3.00,19.00


17.00,3.00,19.00


17.00,3.00,19.00


11.00,18.00,22.00


11.00,18.00,22.00


11.00,18.00,22.00


0.00,17.00,30.00


0.00,17.00,30.00


0.00,17.00,30.00


0.00,17.00,30.00


-1.00,19.00,33.00


-1.00,19.00,33.00


-1.00,19.00,33.00


-5.00,18.00,35.00


-5.00,18.00,35.00


-5.00,18.00,35.00


-8.00,6.00,39.00


-8.00,6.00,39.00


-8.00,6.00,39.00


-8.00,6.00,39.00


-11.00,2.00,36.00


-11.00,2.00,36.00


-11.00,2.00,36.00


-14.00,-12.00,32.00


-14.00,-12.00,32.00


-14.00,-12.00,32.00


-15.00,-23.00,35.00


-15.00,-23.00,35.00


-15.00,-23.00,35.00


-15.00,-23.00,35.00


-13.00,-29.00,23.00


-13.00,-29.00,23.00


-13.00,-29.00,23.00


-10.00,-33.00,16.00


-10.00,-33.00,16.00


-10.00,-33.00,16.00


-10.00,-33.00,16.00


-6.00,-38.00,11.00


-6.00,-38.00,11.00


-6.00,-38.00,11.00


-6.00,-44.00,1.00


-6.00,-44.00,1.00


-6.00,-44.00,1.00


-3.00,-43.00,-9.00


-3.00,-43.00,-9.00


-3.00,-43.00,-9.00


-3.00,-43.00,-9.00


-5.00,-45.00,-27.00


-5.00,-45.00,-27.00


-5.00,-45.00,-27.00


-6.00,-40.00,-40.00


-6.00,-40.00,-40.00


-6.00,-40.00,-40.00


-2.00,-40.00,-44.00


-2.00,-40.00,-44.00


-2.00,-40.00,-44.00


-2.00,-40.00,-44.00


-6.00,-36.00,-50.00


-6.00,-36.00,-50.00


-6.00,-36.00,-50.00


-5.00,-27.00,-60.00


-5.00,-27.00,-60.00


-5.00,-27.00,-60.00


-5.00,-27.00,-60.00


-10.00,-22.00,-66.00


-10.00,-22.00,-66.00


-10.00,-22.00,-66.00


-12.00,-11.00,-75.00


-12.00,-11.00,-75.00


-12.00,-11.00,-75.00


-15.00,3.00,-78.00


-15.00,3.00,-78.00


-15.00,3.00,-78.00


-15.00,3.00,-78.00


-15.00,15.00,-82.00


-15.00,15.00,-82.00


-15.00,15.00,-82.00


-13.00,25.00,-80.00


-13.00,25.00,-80.00


-13.00,25.00,-80.00


-13.00,25.00,-80.00


-6.00,36.00,-70.00


-6.00,36.00,-70.00


-6.00,36.00,-70.00


-7.00,42.00,-63.00


-7.00,42.00,-63.00


-7.00,42.00,-63.00


-2.00,46.00,-55.00


-2.00,46.00,-55.00


-2.00,46.00,-55.00


-2.00,46.00,-55.00


-4.00,56.00,-43.00


-4.00,56.00,-43.00


-4.00,56.00,-43.00


4.00,55.00,-32.00


4.00,55.00,-32.00


4.00,55.00,-32.00


4.00,57.00,-21.00


4.00,57.00,-21.00


4.00,57.00,-21.00


4.00,57.00,-21.00


2.00,61.00,-13.00


2.00,61.00,-13.00


2.00,61.00,-13.00


-1.00,62.00,-2.00


-1.00,62.00,-2.00


-1.00,62.00,-2.00


-1.00,62.00,-2.00


-2.00,61.00,-5.00


-2.00,61.00,-5.00


-2.00,61.00,-5.00


17.00,42.00,-32.00


17.00,42.00,-32.00


17.00,42.00,-32.00


23.00,26.00,-34.00


23.00,26.00,-34.00


23.00,26.00,-34.00


23.00,26.00,-34.00


10.00,19.00,-71.00


10.00,19.00,-71.00


10.00,19.00,-71.00


1.00,-5.00,-80.00


1.00,-5.00,-80.00


1.00,-5.00,-80.00


-6.00,-26.00,-66.00


-6.00,-26.00,-66.00


-6.00,-26.00,-66.00


-6.00,-26.00,-66.00


-10.00,-33.00,-54.00


-10.00,-33.00,-54.00


-10.00,-33.00,-54.00


-8.00,-40.00,-42.00


-8.00,-40.00,-42.00


-8.00,-40.00,-42.00


-8.00,-40.00,-42.00


-7.00,-46.00,-37.00


-7.00,-46.00,-37.00


-7.00,-46.00,-37.00


-12.00,-48.00,-33.00


-12.00,-48.00,-33.00


-12.00,-48.00,-33.00


-9.00,-48.00,-19.00


-9.00,-48.00,-19.00


-9.00,-48.00,-19.00


-9.00,-48.00,-19.00


-9.00,-49.00,-11.00


-9.00,-49.00,-11.00


-9.00,-49.00,-11.00


0.00,-41.00,0.00


0.00,-41.00,0.00


0.00,-41.00,0.00


0.00,-33.00,15.00


0.00,-33.00,15.00


0.00,-33.00,15.00


0.00,-33.00,15.00


0.00,-20.00,29.00


0.00,-20.00,29.00


0.00,-20.00,29.00


-1.00,-3.00,35.00


-1.00,-3.00,35.00


-1.00,-3.00,35.00


-1.00,-3.00,35.00


-4.00,16.00,31.00


-4.00,16.00,31.00


-4.00,16.00,31.00


-8.00,35.00,29.00


-8.00,35.00,29.00


-8.00,35.00,29.00


-2.00,41.00,18.00


-2.00,41.00,18.00


-2.00,41.00,18.00


-2.00,41.00,18.00


-5.00,45.00,20.00


-5.00,45.00,20.00


-5.00,45.00,20.00


-4.00,40.00,19.00


-4.00,40.00,19.00


-4.00,40.00,19.00


-8.00,42.00,20.00


-8.00,42.00,20.00


-8.00,42.00,20.00


-8.00,42.00,20.00


-6.00,38.00,21.00


-6.00,38.00,21.00


-6.00,38.00,21.00


-9.00,43.00,17.00


-9.00,43.00,17.00


-9.00,43.00,17.00


-8.00,42.00,18.00


-8.00,42.00,18.00


-8.00,42.00,18.00


-8.00,42.00,18.00


-8.00,46.00,23.00


-8.00,46.00,23.00


-8.00,46.00,23.00


-15.00,48.00,17.00


-15.00,48.00,17.00


-15.00,48.00,17.00


-15.00,48.00,17.00


-22.00,48.00,18.00


-22.00,48.00,18.00


-22.00,48.00,18.00


-17.00,45.00,20.00


-17.00,45.00,20.00


-17.00,45.00,20.00


-12.00,38.00,27.00


-12.00,38.00,27.00


-12.00,38.00,27.00


-12.00,38.00,27.00


-6.00,29.00,25.00


-6.00,29.00,25.00


-6.00,29.00,25.00


-7.00,16.00,34.00


-7.00,16.00,34.00


-7.00,16.00,34.00


-9.00,12.00,39.00


-9.00,12.00,39.00


-9.00,12.00,39.00


-9.00,12.00,39.00


-15.00,2.00,39.00


-15.00,2.00,39.00


-15.00,2.00,39.00


-17.00,-10.00,34.00


-17.00,-10.00,34.00


-17.00,-10.00,34.00


-21.00,-18.00,32.00


-21.00,-18.00,32.00


-21.00,-18.00,32.00


-21.00,-18.00,32.00


-27.00,-27.00,29.00


-27.00,-27.00,29.00


-27.00,-27.00,29.00


-30.00,-29.00,20.00


-30.00,-29.00,20.00


-30.00,-29.00,20.00


-24.00,-34.00,20.00


-24.00,-34.00,20.00


-24.00,-34.00,20.00


-24.00,-34.00,20.00


-23.00,-37.00,12.00


-23.00,-37.00,12.00


-23.00,-37.00,12.00


-20.00,-43.00,10.00


-20.00,-43.00,10.00


-20.00,-43.00,10.00


-20.00,-43.00,10.00


-23.00,-44.00,1.00


-23.00,-44.00,1.00


-23.00,-44.00,1.00


-26.00,-50.00,-9.00


-26.00,-50.00,-9.00


-26.00,-50.00,-9.00


-26.00,-48.00,-23.00


-26.00,-48.00,-23.00


-26.00,-48.00,-23.00


-26.00,-48.00,-23.00


-29.00,-45.00,-42.00


-29.00,-45.00,-42.00


-29.00,-45.00,-42.00


-31.00,-26.00,-69.00


-31.00,-26.00,-69.00


-31.00,-26.00,-69.00


-30.00,-7.00,-80.00


-30.00,-7.00,-80.00


-30.00,-7.00,-80.00


-30.00,-7.00,-80.00


-32.00,10.00,-75.00


-32.00,10.00,-75.00


-32.00,10.00,-75.00


-37.00,26.00,-76.00


-37.00,26.00,-76.00


-37.00,26.00,-76.00


-37.00,26.00,-76.00


-38.00,40.00,-73.00


-38.00,40.00,-73.00


-38.00,40.00,-73.00


-39.00,45.00,-68.00


-39.00,45.00,-68.00


-39.00,45.00,-68.00


-44.00,52.00,-64.00


-44.00,52.00,-64.00


-44.00,52.00,-64.00


-44.00,52.00,-64.00


-44.00,55.00,-57.00


-44.00,55.00,-57.00


-44.00,55.00,-57.00


-42.00,52.00,-63.00


-42.00,52.00,-63.00


-42.00,52.00,-63.00


-29.00,25.00,-79.00


-29.00,25.00,-79.00


-29.00,25.00,-79.00


-29.00,25.00,-79.00


-15.00,-1.00,-80.00


-15.00,-1.00,-80.00


-15.00,-1.00,-80.00


-2.00,-25.00,-57.00


-2.00,-25.00,-57.00


-2.00,-25.00,-57.00


-2.00,-25.00,-57.00


5.00,-38.00,-30.00


5.00,-38.00,-30.00


5.00,-38.00,-30.00


2.00,-40.00,-1.00


2.00,-40.00,-1.00


2.00,-40.00,-1.00


3.00,-32.00,12.00


3.00,-32.00,12.00


3.00,-32.00,12.00


3.00,-32.00,12.00


-4.00,-14.00,35.00


-4.00,-14.00,35.00


-4.00,-14.00,35.00


-4.00,0.00,33.00


-4.00,0.00,33.00


-4.00,0.00,33.00


-2.00,16.00,34.00


-2.00,16.00,34.00


-2.00,16.00,34.00


-2.00,16.00,34.00


-5.00,25.00,29.00


-5.00,25.00,29.00


-5.00,25.00,29.00


0.00,27.00,29.00


0.00,27.00,29.00


0.00,27.00,29.00


0.00,27.00,29.00


1.00,33.00,20.00


1.00,33.00,20.00


1.00,33.00,20.00


-2.00,44.00,9.00


-2.00,44.00,9.00


-2.00,44.00,9.00


-5.00,44.00,14.00


-5.00,44.00,14.00


-5.00,44.00,14.00


-5.00,44.00,14.00


-9.00,44.00,13.00


-9.00,44.00,13.00


-9.00,44.00,13.00


-14.00,48.00,7.00


-14.00,48.00,7.00


-14.00,48.00,7.00


-18.00,48.00,11.00


-18.00,48.00,11.00


-18.00,48.00,11.00


-18.00,48.00,11.00


-15.00,46.00,11.00


-15.00,46.00,11.00


-15.00,46.00,11.00


-13.00,50.00,12.00


-13.00,50.00,12.00


-13.00,50.00,12.00


-13.00,50.00,12.00


-5.00,43.00,16.00


-5.00,43.00,16.00


-5.00,43.00,16.00


0.00,37.00,16.00


0.00,37.00,16.00


0.00,37.00,16.00


-1.00,37.00,17.00


-1.00,37.00,17.00


-1.00,37.00,17.00


-1.00,37.00,17.00


-1.00,41.00,19.00


-1.00,41.00,19.00


-1.00,41.00,19.00


-3.00,42.00,16.00


-3.00,42.00,16.00


-3.00,42.00,16.00


0.00,41.00,17.00


0.00,41.00,17.00


0.00,41.00,17.00


0.00,41.00,17.00


-3.00,43.00,18.00


-3.00,43.00,18.00


-3.00,43.00,18.00


-2.00,53.00,8.00


-2.00,53.00,8.00


-2.00,53.00,8.00


-2.00,53.00,8.00


-10.00,58.00,0.00


-10.00,58.00,0.00


-10.00,58.00,0.00


-6.00,63.00,-15.00


-6.00,63.00,-15.00


-6.00,63.00,-15.00


-5.00,65.00,-26.00


-5.00,65.00,-26.00


-5.00,65.00,-26.00


-5.00,65.00,-26.00


-13.00,69.00,-18.00


-13.00,69.00,-18.00


-13.00,69.00,-18.00


-18.00,57.00,-3.00


-18.00,57.00,-3.00


-18.00,57.00,-3.00


-16.00,48.00,12.00


-16.00,48.00,12.00


-16.00,48.00,12.00


-16.00,48.00,12.00


-9.00,38.00,25.00


-9.00,38.00,25.00


-9.00,38.00,25.00


-6.00,19.00,33.00


-6.00,19.00,33.00


-6.00,19.00,33.00


-6.00,19.00,33.00


1.00,2.00,34.00


1.00,2.00,34.00


1.00,2.00,34.00


0.00,-13.00,30.00


0.00,-13.00,30.00


0.00,-13.00,30.00


0.00,-18.00,25.00


0.00,-18.00,25.00


0.00,-18.00,25.00


0.00,-18.00,25.00


-2.00,-27.00,16.00


-2.00,-27.00,16.00


-2.00,-27.00,16.00


-2.00,-7.00,31.00


-2.00,-7.00,31.00


-2.00,-7.00,31.00


-4.00,19.00,33.00


-4.00,19.00,33.00


-4.00,19.00,33.00


-4.00,19.00,33.00


-3.00,38.00,25.00


-3.00,38.00,25.00


-3.00,38.00,25.00


-4.00,49.00,11.00


-4.00,49.00,11.00


-4.00,49.00,11.00


-4.00,49.00,11.00


-1.00,57.00,-1.00


-1.00,57.00,-1.00


-1.00,57.00,-1.00


-1.00,67.00,-20.00


-1.00,67.00,-20.00


-1.00,67.00,-20.00


-4.00,65.00,-17.00


-4.00,65.00,-17.00


-4.00,65.00,-17.00


-4.00,65.00,-17.00


-6.00,65.00,-16.00


-6.00,65.00,-16.00


-6.00,65.00,-16.00


-2.00,53.00,8.00


-2.00,53.00,8.00


-2.00,53.00,8.00


1.00,32.00,25.00


1.00,32.00,25.00


1.00,32.00,25.00


1.00,32.00,25.00


3.00,20.00,32.00


3.00,20.00,32.00


3.00,20.00,32.00


-4.00,18.00,32.00


-4.00,18.00,32.00


-4.00,18.00,32.00


-4.00,18.00,32.00


-4.00,12.00,31.00


-4.00,12.00,31.00


-4.00,12.00,31.00


1.00,11.00,33.00


1.00,11.00,33.00


1.00,11.00,33.00


1.00,6.00,32.00


1.00,6.00,32.00


1.00,6.00,32.00


1.00,6.00,32.00


-1.00,-3.00,32.00


-1.00,-3.00,32.00


-1.00,-3.00,32.00


-3.00,-17.00,28.00


-3.00,-17.00,28.00


-3.00,-17.00,28.00


-3.00,-17.00,28.00


-10.00,-24.00,24.00


-10.00,-24.00,24.00


-10.00,-24.00,24.00


-1.00,-28.00,22.00


-1.00,-28.00,22.00


-1.00,-28.00,22.00


-1.00,-32.00,13.00


-1.00,-32.00,13.00


-1.00,-32.00,13.00


-1.00,-32.00,13.00


0.00,-34.00,11.00


0.00,-34.00,11.00


0.00,-34.00,11.00


-1.00,-39.00,5.00


-1.00,-39.00,5.00


-1.00,-39.00,5.00


0.00,-43.00,-9.00


0.00,-43.00,-9.00


0.00,-43.00,-9.00


0.00,-43.00,-9.00


-1.00,-42.00,-28.00


-1.00,-42.00,-28.00


-1.00,-42.00,-28.00


-1.00,-41.00,-34.00


-1.00,-41.00,-34.00


-1.00,-41.00,-34.00


-3.00,-42.00,-24.00


-3.00,-42.00,-24.00


-3.00,-42.00,-24.00


-3.00,-42.00,-24.00


-5.00,-41.00,-1.00


-5.00,-41.00,-1.00


-5.00,-41.00,-1.00


-8.00,-34.00,18.00


-8.00,-34.00,18.00


-8.00,-34.00,18.00


-8.00,-34.00,18.00


-12.00,-19.00,29.00


-12.00,-19.00,29.00


-12.00,-19.00,29.00


-10.00,-1.00,37.00


-10.00,-1.00,37.00


-10.00,-1.00,37.00


-6.00,13.00,34.00


-6.00,13.00,34.00


-6.00,13.00,34.00


-6.00,13.00,34.00


-7.00,28.00,30.00


-7.00,28.00,30.00


-7.00,28.00,30.00


-4.00,40.00,25.00


-4.00,40.00,25.00


-4.00,40.00,25.00


3.00,54.00,13.00


3.00,54.00,13.00


3.00,54.00,13.00


3.00,54.00,13.00


8.00,60.00,17.00


8.00,60.00,17.00


8.00,60.00,17.00


25.00,50.00,9.00


25.00,50.00,9.00


25.00,50.00,9.00


25.00,50.00,9.00


12.00,42.00,10.00


12.00,42.00,10.00


12.00,42.00,10.00


5.00,20.00,27.00


5.00,20.00,27.00


5.00,20.00,27.00


0.00,-4.00,33.00


0.00,-4.00,33.00


0.00,-4.00,33.00


0.00,-4.00,33.00


-1.00,-29.00,19.00


-1.00,-29.00,19.00


-1.00,-29.00,19.00


-6.00,-42.00,2.00


-6.00,-42.00,2.00


-6.00,-42.00,2.00


-7.00,-45.00,-20.00


-7.00,-45.00,-20.00


-7.00,-45.00,-20.00


-7.00,-45.00,-20.00


-14.00,-45.00,-35.00


-14.00,-45.00,-35.00


-14.00,-45.00,-35.00


-17.00,-42.00,-43.00


-17.00,-42.00,-43.00


-17.00,-42.00,-43.00


-14.00,-43.00,-31.00


-14.00,-43.00,-31.00


-14.00,-43.00,-31.00


-14.00,-43.00,-31.00


-12.00,-44.00,-22.00


-12.00,-44.00,-22.00


-12.00,-44.00,-22.00


-11.00,-44.00,-2.00


-11.00,-44.00,-2.00


-11.00,-44.00,-2.00


-7.00,-33.00,19.00


-7.00,-33.00,19.00


-7.00,-33.00,19.00


-7.00,-33.00,19.00


-5.00,-23.00,23.00


-5.00,-23.00,23.00


-5.00,-23.00,23.00


-4.00,-14.00,32.00


-4.00,-14.00,32.00


-4.00,-14.00,32.00


-4.00,-14.00,32.00


1.00,-3.00,32.00


1.00,-3.00,32.00


1.00,-3.00,32.00


5.00,3.00,30.00


5.00,3.00,30.00


5.00,3.00,30.00


7.00,16.00,23.00


7.00,16.00,23.00


7.00,16.00,23.00


7.00,16.00,23.00


11.00,18.00,25.00


11.00,18.00,25.00


11.00,18.00,25.00


16.00,29.00,22.00


16.00,29.00,22.00


16.00,29.00,22.00


16.00,36.00,32.00


16.00,36.00,32.00


16.00,36.00,32.00


16.00,36.00,32.00


3.00,44.00,39.00


3.00,44.00,39.00


3.00,44.00,39.00


6.00,45.00,46.00


6.00,45.00,46.00


6.00,45.00,46.00


6.00,45.00,46.00


-7.00,60.00,55.00


-7.00,60.00,55.00


-7.00,60.00,55.00


-6.00,59.00,57.00


-6.00,59.00,57.00


-6.00,59.00,57.00


5.00,54.00,68.00


5.00,54.00,68.00


5.00,54.00,68.00


5.00,54.00,68.00


20.00,29.00,62.00


20.00,29.00,62.00


20.00,29.00,62.00


12.00,16.00,32.00


12.00,16.00,32.00


12.00,16.00,32.00


3.00,13.00,29.00


3.00,13.00,29.00


3.00,13.00,29.00


3.00,13.00,29.00


-5.00,0.00,34.00


-5.00,0.00,34.00


-5.00,0.00,34.00


-8.00,-8.00,35.00


-8.00,-8.00,35.00


-8.00,-8.00,35.00


-9.00,-19.00,26.00


-9.00,-19.00,26.00


-9.00,-19.00,26.00


-9.00,-19.00,26.00


-15.00,-37.00,17.00


-15.00,-37.00,17.00


-15.00,-37.00,17.00


-15.00,-46.00,2.00


-15.00,-46.00,2.00


-15.00,-46.00,2.00


-15.00,-46.00,2.00


-16.00,-49.00,-12.00


-16.00,-49.00,-12.00


-16.00,-49.00,-12.00


-16.00,-45.00,-23.00


-16.00,-45.00,-23.00


-16.00,-45.00,-23.00


-18.00,-47.00,-31.00


-18.00,-47.00,-31.00


-18.00,-47.00,-31.00


-18.00,-47.00,-31.00


-18.00,-42.00,-46.00


-18.00,-42.00,-46.00


-18.00,-42.00,-46.00


-15.00,-37.00,-49.00


-15.00,-37.00,-49.00


-15.00,-37.00,-49.00


-19.00,-37.00,-50.00


-19.00,-37.00,-50.00


-19.00,-37.00,-50.00


-19.00,-37.00,-50.00


-16.00,-39.00,-44.00


-16.00,-39.00,-44.00


-16.00,-39.00,-44.00


-13.00,-46.00,-32.00


-13.00,-46.00,-32.00


-13.00,-46.00,-32.00


-14.00,-46.00,-20.00


-14.00,-46.00,-20.00


-14.00,-46.00,-20.00


-14.00,-46.00,-20.00


-13.00,-45.00,3.00


-13.00,-45.00,3.00


-13.00,-45.00,3.00


-13.00,-37.00,18.00


-13.00,-37.00,18.00


-13.00,-37.00,18.00


-13.00,-37.00,18.00


-12.00,-31.00,23.00


-12.00,-31.00,23.00


-12.00,-31.00,23.00


-8.00,-16.00,29.00


-8.00,-16.00,29.00


-8.00,-16.00,29.00


-8.00,-14.00,36.00


-8.00,-14.00,36.00


-8.00,-14.00,36.00


-8.00,-14.00,36.00


-13.00,-14.00,37.00


-13.00,-14.00,37.00


-13.00,-14.00,37.00


-16.00,-6.00,37.00


-16.00,-6.00,37.00


-16.00,-6.00,37.00


-20.00,0.00,34.00


-20.00,0.00,34.00


-20.00,0.00,34.00


-20.00,0.00,34.00


-41.00,-4.00,26.00


-41.00,-4.00,26.00


-41.00,-4.00,26.00


-64.00,-9.00,29.00


-64.00,-9.00,29.00


-64.00,-9.00,29.00


-64.00,-9.00,29.00


-58.00,-43.00,31.00


-58.00,-43.00,31.00


-58.00,-43.00,31.00


-32.00,-38.00,65.00


-32.00,-38.00,65.00


-32.00,-38.00,65.00


-23.00,-32.00,63.00


-23.00,-32.00,63.00


-23.00,-32.00,63.00


-23.00,-32.00,63.00


-18.00,-14.00,70.00


-18.00,-14.00,70.00


-18.00,-14.00,70.00


-28.00,46.00,66.00


-28.00,46.00,66.00


-28.00,46.00,66.00


-28.00,46.00,66.00


-28.00,33.00,79.00


-28.00,33.00,79.00


-28.00,33.00,79.00


-20.00,2.00,72.00


-20.00,2.00,72.00


-20.00,2.00,72.00


-14.00,-14.00,31.00


-14.00,-14.00,31.00


-14.00,-14.00,31.00


-14.00,-14.00,31.00


-12.00,-6.00,32.00


-12.00,-6.00,32.00


-12.00,-6.00,32.00


-10.00,-16.00,34.00


-10.00,-16.00,34.00


-10.00,-16.00,34.00


-4.00,-17.00,23.00


-4.00,-17.00,23.00


-4.00,-17.00,23.00


-4.00,-17.00,23.00


-2.00,-25.00,22.00


-2.00,-25.00,22.00


-2.00,-25.00,22.00


5.00,-30.00,20.00


5.00,-30.00,20.00


5.00,-30.00,20.00


5.00,-30.00,20.00


4.00,-26.00,12.00


4.00,-26.00,12.00


4.00,-26.00,12.00


8.00,-31.00,-2.00


8.00,-31.00,-2.00


8.00,-31.00,-2.00


8.00,-32.00,0.00


8.00,-32.00,0.00


8.00,-32.00,0.00


8.00,-32.00,0.00


3.00,-41.00,-3.00


3.00,-41.00,-3.00


3.00,-41.00,-3.00


-3.00,-44.00,-13.00


-3.00,-44.00,-13.00


-3.00,-44.00,-13.00


-3.00,-44.00,-13.00


-11.00,-46.00,-30.00


-11.00,-46.00,-30.00


-11.00,-46.00,-30.00


-17.00,-44.00,-32.00


-17.00,-44.00,-32.00


-17.00,-44.00,-32.00


-20.00,-45.00,-40.00


-20.00,-45.00,-40.00


-20.00,-45.00,-40.00


-20.00,-45.00,-40.00


-19.00,-39.00,-42.00


-19.00,-39.00,-42.00


-19.00,-39.00,-42.00


-18.00,-39.00,-51.00


-18.00,-39.00,-51.00


-18.00,-39.00,-51.00


-23.00,-43.00,-42.00


-23.00,-43.00,-42.00


-23.00,-43.00,-42.00


-23.00,-43.00,-42.00


-28.00,-47.00,-20.00


-28.00,-47.00,-20.00


-28.00,-47.00,-20.00


-39.00,-44.00,-1.00


-39.00,-44.00,-1.00


-39.00,-44.00,-1.00


-39.00,-44.00,-1.00


-38.00,-41.00,11.00


-38.00,-41.00,11.00


-38.00,-41.00,11.00


-46.00,-28.00,19.00


-46.00,-28.00,19.00


-46.00,-28.00,19.00


-53.00,-15.00,24.00


-53.00,-15.00,24.00


-53.00,-15.00,24.00


-53.00,-15.00,24.00


-59.00,7.00,43.00


-59.00,7.00,43.00


-59.00,7.00,43.00


-62.00,21.00,46.00


-62.00,21.00,46.00


-62.00,21.00,46.00


-60.00,30.00,49.00


-60.00,30.00,49.00


-60.00,30.00,49.00


-60.00,30.00,49.00


-50.00,48.00,54.00


-50.00,48.00,54.00


-50.00,48.00,54.00


-48.00,48.00,52.00


-48.00,48.00,52.00


-48.00,48.00,52.00


-48.00,48.00,52.00


-45.00,56.00,54.00


-45.00,56.00,54.00


-45.00,56.00,54.00


-37.00,60.00,45.00


-37.00,60.00,45.00


-37.00,60.00,45.00


-46.00,48.00,49.00


-46.00,48.00,49.00


-46.00,48.00,49.00


-46.00,48.00,49.00


-53.00,10.00,42.00


-53.00,10.00,42.00


-53.00,10.00,42.00


-52.00,-13.00,36.00


-52.00,-13.00,36.00


-52.00,-13.00,36.00


-48.00,-36.00,14.00


-48.00,-36.00,14.00


-48.00,-36.00,14.00


-48.00,-36.00,14.00


-37.00,-44.00,0.00


-37.00,-44.00,0.00


-37.00,-44.00,0.00


-28.00,-47.00,-11.00


-28.00,-47.00,-11.00


-28.00,-47.00,-11.00


-28.00,-47.00,-11.00


-25.00,-48.00,-29.00


-25.00,-48.00,-29.00


-25.00,-48.00,-29.00


-17.00,-42.00,-37.00


-17.00,-42.00,-37.00


-17.00,-42.00,-37.00


-9.00,-39.00,-44.00


-9.00,-39.00,-44.00


-9.00,-39.00,-44.00


-9.00,-39.00,-44.00


-3.00,-40.00,-43.00


-3.00,-40.00,-43.00


-3.00,-40.00,-43.00


-6.00,-40.00,-32.00


-6.00,-40.00,-32.00


-6.00,-40.00,-32.00


-12.00,-47.00,-9.00


-12.00,-47.00,-9.00


-12.00,-47.00,-9.00


-12.00,-47.00,-9.00


-19.00,-44.00,7.00


-19.00,-44.00,7.00


-19.00,-44.00,7.00


-32.00,-37.00,17.00


-32.00,-37.00,17.00


-32.00,-37.00,17.00


-32.00,-37.00,17.00


-42.00,-25.00,25.00


-42.00,-25.00,25.00


-42.00,-25.00,25.00


-48.00,-7.00,31.00


-48.00,-7.00,31.00


-48.00,-7.00,31.00


-47.00,0.00,24.00


-47.00,0.00,24.00


-47.00,0.00,24.00


-47.00,0.00,24.00


-54.00,-6.00,24.00


-54.00,-6.00,24.00


-54.00,-6.00,24.00


-56.00,-2.00,17.00


-56.00,-2.00,17.00


-56.00,-2.00,17.00


-56.00,-2.00,17.00


-61.00,0.00,21.00


-61.00,0.00,21.00


-61.00,0.00,21.00


-65.00,1.00,22.00


-65.00,1.00,22.00


-65.00,1.00,22.00


-62.00,1.00,20.00


-62.00,1.00,20.00


-62.00,1.00,20.00


-62.00,1.00,20.00


-63.00,-2.00,25.00


-63.00,-2.00,25.00


-63.00,-2.00,25.00


-67.00,3.00,33.00


-67.00,3.00,33.00


-67.00,3.00,33.00


-64.00,5.00,22.00


-64.00,5.00,22.00


-64.00,5.00,22.00


-64.00,5.00,22.00


-60.00,-6.00,15.00


-60.00,-6.00,15.00


-60.00,-6.00,15.00


-58.00,-22.00,3.00


-58.00,-22.00,3.00


-58.00,-22.00,3.00


-54.00,-31.00,-2.00


-54.00,-31.00,-2.00


-54.00,-31.00,-2.00


-54.00,-31.00,-2.00


-39.00,-46.00,-17.00


-39.00,-46.00,-17.00


-39.00,-46.00,-17.00


-21.00,-46.00,-35.00


-21.00,-46.00,-35.00


-21.00,-46.00,-35.00


-21.00,-46.00,-35.00


-17.00,-38.00,-49.00


-17.00,-38.00,-49.00


-17.00,-38.00,-49.00


-18.00,-38.00,-52.00


-18.00,-38.00,-52.00


-18.00,-38.00,-52.00


-19.00,-34.00,-51.00


-19.00,-34.00,-51.00


-19.00,-34.00,-51.00


-19.00,-34.00,-51.00


-21.00,-42.00,-40.00


-21.00,-42.00,-40.00


-21.00,-42.00,-40.00


-29.00,-48.00,-22.00


-29.00,-48.00,-22.00


-29.00,-48.00,-22.00


-43.00,-40.00,0.00


-43.00,-40.00,0.00


-43.00,-40.00,0.00


-43.00,-40.00,0.00


-50.00,-29.00,16.00


-50.00,-29.00,16.00


-50.00,-29.00,16.00


-53.00,-22.00,22.00


-53.00,-22.00,22.00


-53.00,-22.00,22.00


-56.00,-10.00,25.00


-56.00,-10.00,25.00


-56.00,-10.00,25.00


-56.00,-10.00,25.00


-59.00,-6.00,28.00


-59.00,-6.00,28.00


-59.00,-6.00,28.00


-64.00,1.00,36.00


-64.00,1.00,36.00


-64.00,1.00,36.00


-71.00,11.00,42.00


-71.00,11.00,42.00


-71.00,11.00,42.00


-71.00,11.00,42.00


-75.00,14.00,40.00


-75.00,14.00,40.00


-75.00,14.00,40.00


-73.00,14.00,38.00


-73.00,14.00,38.00


-73.00,14.00,38.00


-73.00,14.00,38.00


-68.00,5.00,40.00


-68.00,5.00,40.00


-68.00,5.00,40.00


-49.00,-16.00,34.00


-49.00,-16.00,34.00


-49.00,-16.00,34.00


-35.00,-34.00,22.00


-35.00,-34.00,22.00


-35.00,-34.00,22.00


-35.00,-34.00,22.00


-26.00,-42.00,11.00


-26.00,-42.00,11.00


-26.00,-42.00,11.00


-27.00,-48.00,-1.00


-27.00,-48.00,-1.00


-27.00,-48.00,-1.00


-17.00,-45.00,-25.00


-17.00,-45.00,-25.00


-17.00,-45.00,-25.00


-17.00,-45.00,-25.00


-13.00,-43.00,-44.00


-13.00,-43.00,-44.00


-13.00,-43.00,-44.00


-13.00,-41.00,-44.00


-13.00,-41.00,-44.00


-13.00,-41.00,-44.00


-13.00,-41.00,-44.00


-14.00,-41.00,-46.00


-14.00,-41.00,-46.00


-14.00,-41.00,-46.00


-24.00,-44.00,-36.00


-24.00,-44.00,-36.00


-24.00,-44.00,-36.00


-33.00,-44.00,-25.00


-33.00,-44.00,-25.00


-33.00,-44.00,-25.00


-33.00,-44.00,-25.00


-49.00,-41.00,-14.00


-49.00,-41.00,-14.00


-49.00,-41.00,-14.00


-53.00,-30.00,-1.00


-53.00,-30.00,-1.00


-53.00,-30.00,-1.00


-60.00,-18.00,14.00


-60.00,-18.00,14.00


-60.00,-18.00,14.00


-60.00,-18.00,14.00


-60.00,0.00,17.00


-60.00,0.00,17.00


-60.00,0.00,17.00


-57.00,6.00,19.00


-57.00,6.00,19.00


-57.00,6.00,19.00


-57.00,6.00,19.00


-56.00,10.00,24.00


-56.00,10.00,24.00


-56.00,10.00,24.00


-50.00,24.00,40.00


-50.00,24.00,40.00


-50.00,24.00,40.00


-37.00,38.00,44.00


-37.00,38.00,44.00


-37.00,38.00,44.00


-37.00,38.00,44.00


-26.00,45.00,37.00


-26.00,45.00,37.00


-26.00,45.00,37.00


-28.00,42.00,39.00


-28.00,42.00,39.00


-28.00,42.00,39.00


-28.00,42.00,39.00


-46.00,21.00,33.00


-46.00,21.00,33.00


-46.00,21.00,33.00


-57.00,-6.00,22.00


-57.00,-6.00,22.00


-57.00,-6.00,22.00


-61.00,-18.00,5.00


-61.00,-18.00,5.00


-61.00,-18.00,5.00


-61.00,-18.00,5.00


-58.00,-26.00,-6.00


-58.00,-26.00,-6.00


-58.00,-26.00,-6.00


-56.00,-32.00,-13.00


-56.00,-32.00,-13.00


-56.00,-32.00,-13.00


-50.00,-37.00,-23.00


-50.00,-37.00,-23.00


-50.00,-37.00,-23.00


-50.00,-37.00,-23.00


-47.00,-35.00,-29.00


-47.00,-35.00,-29.00


-47.00,-35.00,-29.00


-45.00,-41.00,-27.00


-45.00,-41.00,-27.00


-45.00,-41.00,-27.00


-45.00,-41.00,-27.00


-42.00,-38.00,-25.00


-42.00,-38.00,-25.00


-42.00,-38.00,-25.00


-45.00,-41.00,-14.00


-45.00,-41.00,-14.00


-45.00,-41.00,-14.00


-42.00,-41.00,1.00


-42.00,-41.00,1.00


-42.00,-41.00,1.00


-42.00,-41.00,1.00


-38.00,-34.00,17.00


-38.00,-34.00,17.00


-38.00,-34.00,17.00


-34.00,-23.00,25.00


-34.00,-23.00,25.00


-34.00,-23.00,25.00


-34.00,-23.00,25.00


-38.00,-10.00,32.00


-38.00,-10.00,32.00


-38.00,-10.00,32.00


-36.00,-1.00,38.00


-36.00,-1.00,38.00


-36.00,-1.00,38.00


-38.00,5.00,32.00


-38.00,5.00,32.00


-38.00,5.00,32.00


-38.00,5.00,32.00


-40.00,16.00,32.00


-40.00,16.00,32.00


-40.00,16.00,32.00


-43.00,16.00,30.00


-43.00,16.00,30.00


-43.00,16.00,30.00


-48.00,15.00,38.00


-48.00,15.00,38.00


-48.00,15.00,38.00


-48.00,15.00,38.00


-50.00,7.00,25.00


-50.00,7.00,25.00


-50.00,7.00,25.00


-49.00,14.00,29.00


-49.00,14.00,29.00


-49.00,14.00,29.00


-49.00,14.00,29.00


-46.00,21.00,26.00


-46.00,21.00,26.00


-46.00,21.00,26.00


-39.00,30.00,27.00


-39.00,30.00,27.00


-39.00,30.00,27.00


-35.00,39.00,23.00


-35.00,39.00,23.00


-35.00,39.00,23.00


-35.00,39.00,23.00


-25.00,46.00,25.00


-25.00,46.00,25.00


-25.00,46.00,25.00


-24.00,52.00,18.00


-24.00,52.00,18.00


-24.00,52.00,18.00


-26.00,54.00,20.00


-26.00,54.00,20.00


-26.00,54.00,20.00


-26.00,54.00,20.00


-26.00,53.00,17.00


-26.00,53.00,17.00


-26.00,53.00,17.00


-27.00,52.00,17.00


-27.00,52.00,17.00


-27.00,52.00,17.00


-27.00,52.00,17.00


-37.00,40.00,24.00


-37.00,40.00,24.00


-37.00,40.00,24.00


-34.00,25.00,32.00


-34.00,25.00,32.00


-34.00,25.00,32.00


-33.00,14.00,32.00


-33.00,14.00,32.00


-33.00,14.00,32.00


-33.00,14.00,32.00


-42.00,0.00,31.00


-42.00,0.00,31.00


-42.00,0.00,31.00


-35.00,-14.00,32.00


-35.00,-14.00,32.00


-35.00,-14.00,32.00


-35.00,-14.00,32.00


-31.00,-24.00,25.00


-31.00,-24.00,25.00


-31.00,-24.00,25.00


-31.00,-28.00,21.00


-31.00,-28.00,21.00


-31.00,-28.00,21.00


-30.00,-36.00,20.00


-30.00,-36.00,20.00


-30.00,-36.00,20.00


-30.00,-36.00,20.00


-30.00,-37.00,12.00


-30.00,-37.00,12.00


-30.00,-37.00,12.00


-25.00,-32.00,19.00


-25.00,-32.00,19.00


-25.00,-32.00,19.00


-32.00,-9.00,34.00


-32.00,-9.00,34.00


-32.00,-9.00,34.00


-32.00,-9.00,34.00


-32.00,3.00,35.00


-32.00,3.00,35.00


-32.00,3.00,35.00


-27.00,10.00,39.00


-27.00,10.00,39.00


-27.00,10.00,39.00


-27.00,10.00,39.00


-30.00,21.00,33.00


-30.00,21.00,33.00


-30.00,21.00,33.00


-31.00,31.00,29.00


-31.00,31.00,29.00


-31.00,31.00,29.00


-33.00,31.00,25.00


-33.00,31.00,25.00


-33.00,31.00,25.00


-33.00,31.00,25.00


-36.00,41.00,20.00


-36.00,41.00,20.00


-36.00,41.00,20.00


-38.00,42.00,16.00


-38.00,42.00,16.00


-38.00,42.00,16.00


-38.00,42.00,16.00


-35.00,44.00,21.00


-35.00,44.00,21.00


-35.00,44.00,21.00


-31.00,45.00,18.00


-31.00,45.00,18.00


-31.00,45.00,18.00


-35.00,42.00,20.00


-35.00,42.00,20.00


-35.00,42.00,20.00


-35.00,42.00,20.00


-30.00,30.00,28.00


-30.00,30.00,28.00


-30.00,30.00,28.00


-41.00,15.00,33.00


-41.00,15.00,33.00


-41.00,15.00,33.00


-51.00,-2.00,22.00


-51.00,-2.00,22.00


-51.00,-2.00,22.00


-51.00,-2.00,22.00


-55.00,-8.00,17.00


-55.00,-8.00,17.00


-55.00,-8.00,17.00


-47.00,-17.00,15.00


-47.00,-17.00,15.00


-47.00,-17.00,15.00


-47.00,-17.00,15.00


-45.00,-16.00,22.00


-45.00,-16.00,22.00


-45.00,-16.00,22.00


-44.00,-7.00,29.00


-44.00,-7.00,29.00


-44.00,-7.00,29.00


-47.00,6.00,26.00


-47.00,6.00,26.00


-47.00,6.00,26.00


-47.00,6.00,26.00


-42.00,17.00,29.00


-42.00,17.00,29.00


-42.00,17.00,29.00


-37.00,27.00,30.00


-37.00,27.00,30.00


-37.00,27.00,30.00


-33.00,32.00,29.00


-33.00,32.00,29.00


-33.00,32.00,29.00


-33.00,32.00,29.00


-28.00,38.00,28.00


-28.00,38.00,28.00


-28.00,38.00,28.00


-26.00,44.00,25.00


-26.00,44.00,25.00


-26.00,44.00,25.00


-26.00,44.00,25.00


-25.00,41.00,24.00


-25.00,41.00,24.00


-25.00,41.00,24.00


-29.00,41.00,33.00


-29.00,41.00,33.00


-29.00,41.00,33.00


-32.00,35.00,25.00


-32.00,35.00,25.00


-32.00,35.00,25.00


-32.00,35.00,25.00


-38.00,26.00,25.00


-38.00,26.00,25.00


-38.00,26.00,25.00


-42.00,11.00,30.00


-42.00,11.00,30.00


-42.00,11.00,30.00


-43.00,3.00,28.00


-43.00,3.00,28.00


-43.00,3.00,28.00


-43.00,3.00,28.00


-45.00,-13.00,22.00


-45.00,-13.00,22.00


-45.00,-13.00,22.00


-42.00,-24.00,17.00


-42.00,-24.00,17.00


-42.00,-24.00,17.00


-42.00,-24.00,17.00


-40.00,-29.00,22.00


-40.00,-29.00,22.00


-40.00,-29.00,22.00


-30.00,-34.00,24.00


-30.00,-34.00,24.00


-30.00,-34.00,24.00


-26.00,-36.00,23.00


-26.00,-36.00,23.00


-26.00,-36.00,23.00


-26.00,-36.00,23.00


-22.00,-39.00,22.00


-22.00,-39.00,22.00


-22.00,-39.00,22.00


-10.00,-40.00,20.00


-10.00,-40.00,20.00


-10.00,-40.00,20.00


-18.00,-34.00,27.00


-18.00,-34.00,27.00


-18.00,-34.00,27.00


-18.00,-34.00,27.00


-18.00,-32.00,28.00


-18.00,-32.00,28.00


-18.00,-32.00,28.00


-22.00,-35.00,32.00


-22.00,-35.00,32.00


-22.00,-35.00,32.00


-22.00,-35.00,32.00


-24.00,-33.00,30.00


-24.00,-33.00,30.00


-24.00,-33.00,30.00


-22.00,-33.00,25.00


-22.00,-33.00,25.00


-22.00,-33.00,25.00


-7.00,-34.00,18.00


-7.00,-34.00,18.00


-7.00,-34.00,18.00


-7.00,-34.00,18.00


6.00,-24.00,18.00


6.00,-24.00,18.00


6.00,-24.00,18.00


14.00,-24.00,11.00


14.00,-24.00,11.00


14.00,-24.00,11.00


17.00,-18.00,9.00


17.00,-18.00,9.00


17.00,-18.00,9.00


17.00,-18.00,9.00


12.00,-14.00,16.00


12.00,-14.00,16.00


12.00,-14.00,16.00


15.00,-12.00,15.00


15.00,-12.00,15.00


15.00,-12.00,15.00


11.00,-10.00,18.00


11.00,-10.00,18.00


11.00,-10.00,18.00


11.00,-10.00,18.00


12.00,-9.00,23.00


12.00,-9.00,23.00


12.00,-9.00,23.00


11.00,0.00,23.00


11.00,0.00,23.00


11.00,0.00,23.00


11.00,0.00,23.00


5.00,8.00,27.00


5.00,8.00,27.00


5.00,8.00,27.00


1.00,5.00,34.00


1.00,5.00,34.00


1.00,5.00,34.00


-4.00,5.00,34.00


-4.00,5.00,34.00


-4.00,5.00,34.00


-4.00,5.00,34.00


-7.00,12.00,32.00


-7.00,12.00,32.00


-7.00,12.00,32.00


-12.00,13.00,33.00


-12.00,13.00,33.00


-12.00,13.00,33.00


-19.00,9.00,38.00


-19.00,9.00,38.00


-19.00,9.00,38.00


-19.00,9.00,38.00


-25.00,2.00,39.00


-25.00,2.00,39.00


-25.00,2.00,39.00


-26.00,-1.00,37.00


-26.00,-1.00,37.00


-26.00,-1.00,37.00


-25.00,-11.00,38.00


-25.00,-11.00,38.00


-25.00,-11.00,38.00


-25.00,-11.00,38.00


-23.00,-10.00,39.00


-23.00,-10.00,39.00


-23.00,-10.00,39.00


-21.00,-14.00,38.00


-21.00,-14.00,38.00


-21.00,-14.00,38.00


-21.00,-14.00,38.00


-25.00,-9.00,39.00


-25.00,-9.00,39.00


-25.00,-9.00,39.00


-23.00,-10.00,39.00


-23.00,-10.00,39.00


-23.00,-10.00,39.00


-23.00,-8.00,39.00


-23.00,-8.00,39.00


-23.00,-8.00,39.00


-23.00,-8.00,39.00


-26.00,-6.00,37.00


-26.00,-6.00,37.00


-26.00,-6.00,37.00


-30.00,2.00,33.00


-30.00,2.00,33.00


-30.00,2.00,33.00


-30.00,2.00,33.00


-28.00,12.00,37.00


-28.00,12.00,37.00


-28.00,12.00,37.00


-23.00,21.00,34.00


-23.00,21.00,34.00


-23.00,21.00,34.00


-15.00,16.00,32.00


-15.00,16.00,32.00


-15.00,16.00,32.00


-15.00,16.00,32.00


-4.00,1.00,33.00


-4.00,1.00,33.00


-4.00,1.00,33.00


0.00,-10.00,28.00


0.00,-10.00,28.00


0.00,-10.00,28.00


0.00,-10.00,28.00


-5.00,-17.00,23.00


-5.00,-17.00,23.00


-5.00,-17.00,23.00


-12.00,-32.00,23.00


-12.00,-32.00,23.00


-12.00,-32.00,23.00


-16.00,-36.00,17.00


-16.00,-36.00,17.00


-16.00,-36.00,17.00


-16.00,-36.00,17.00


-13.00,-40.00,13.00


-13.00,-40.00,13.00


-13.00,-40.00,13.00


-6.00,-30.00,22.00


-6.00,-30.00,22.00


-6.00,-30.00,22.00


-2.00,-17.00,25.00


-2.00,-17.00,25.00


-2.00,-17.00,25.00


-2.00,-17.00,25.00


3.00,-1.00,32.00


3.00,-1.00,32.00


3.00,-1.00,32.00


9.00,10.00,33.00


9.00,10.00,33.00


9.00,10.00,33.00


9.00,10.00,33.00


8.00,22.00,29.00


8.00,22.00,29.00


8.00,22.00,29.00


6.00,25.00,25.00


6.00,25.00,25.00


6.00,25.00,25.00


5.00,27.00,28.00


5.00,27.00,28.00


5.00,27.00,28.00


5.00,27.00,28.00


0.00,25.00,32.00


0.00,25.00,32.00


0.00,25.00,32.00


-1.00,24.00,35.00


-1.00,24.00,35.00


-1.00,24.00,35.00


-1.00,24.00,35.00


2.00,22.00,32.00


2.00,22.00,32.00


2.00,22.00,32.00


16.00,21.00,20.00


16.00,21.00,20.00


16.00,21.00,20.00


21.00,21.00,8.00


21.00,21.00,8.00


21.00,21.00,8.00


21.00,21.00,8.00


23.00,20.00,5.00


23.00,20.00,5.00


23.00,20.00,5.00


24.00,21.00,-4.00


24.00,21.00,-4.00


24.00,21.00,-4.00


26.00,20.00,-15.00


26.00,20.00,-15.00


26.00,20.00,-15.00


26.00,20.00,-15.00


26.00,24.00,-17.00


26.00,24.00,-17.00


26.00,24.00,-17.00


25.00,21.00,-19.00


25.00,21.00,-19.00


25.00,21.00,-19.00


25.00,21.00,-19.00


21.00,20.00,-35.00


21.00,20.00,-35.00


21.00,20.00,-35.00


18.00,18.00,-43.00


18.00,18.00,-43.00


18.00,18.00,-43.00


13.00,13.00,-57.00


13.00,13.00,-57.00


13.00,13.00,-57.00


13.00,13.00,-57.00


6.00,12.00,-60.00


6.00,12.00,-60.00


6.00,12.00,-60.00


0.00,9.00,-64.00


0.00,9.00,-64.00


0.00,9.00,-64.00


-4.00,12.00,-66.00


-4.00,12.00,-66.00


-4.00,12.00,-66.00


-4.00,12.00,-66.00


-10.00,9.00,-76.00


-10.00,9.00,-76.00


-10.00,9.00,-76.00


-12.00,5.00,-75.00


-12.00,5.00,-75.00


-12.00,5.00,-75.00


-12.00,5.00,-75.00


-20.00,5.00,-73.00


-20.00,5.00,-73.00


-20.00,5.00,-73.00


-21.00,8.00,-71.00


-21.00,8.00,-71.00


-21.00,8.00,-71.00


-27.00,10.00,-73.00


-27.00,10.00,-73.00


-27.00,10.00,-73.00


-27.00,10.00,-73.00


-38.00,12.00,-75.00


-38.00,12.00,-75.00


-38.00,12.00,-75.00


-42.00,16.00,-64.00


-42.00,16.00,-64.00


-42.00,16.00,-64.00


-46.00,18.00,-63.00


-46.00,18.00,-63.00


-46.00,18.00,-63.00


-46.00,18.00,-63.00


-57.00,18.00,-60.00


-57.00,18.00,-60.00


-57.00,18.00,-60.00


-59.00,12.00,-56.00


-59.00,12.00,-56.00


-59.00,12.00,-56.00


-59.00,12.00,-56.00


-63.00,13.00,-45.00


-63.00,13.00,-45.00


-63.00,13.00,-45.00


-68.00,13.00,-37.00


-68.00,13.00,-37.00


-68.00,13.00,-37.00


-69.00,11.00,-29.00


-69.00,11.00,-29.00


-69.00,11.00,-29.00


-69.00,11.00,-29.00


-67.00,10.00,-18.00


-67.00,10.00,-18.00


-67.00,10.00,-18.00


-68.00,9.00,-22.00


-68.00,9.00,-22.00


-68.00,9.00,-22.00


-68.00,9.00,-22.00


-67.00,12.00,-33.00


-67.00,12.00,-33.00


-67.00,12.00,-33.00


-60.00,10.00,-50.00


-60.00,10.00,-50.00


-60.00,10.00,-50.00


-50.00,14.00,-62.00


-50.00,14.00,-62.00


-50.00,14.00,-62.00


-50.00,14.00,-62.00


-42.00,9.00,-66.00


-42.00,9.00,-66.00


-42.00,9.00,-66.00


-29.00,11.00,-75.00


-29.00,11.00,-75.00


-29.00,11.00,-75.00


-14.00,6.00,-68.00


-14.00,6.00,-68.00


-14.00,6.00,-68.00


-14.00,6.00,-68.00


1.00,6.00,-67.00


1.00,6.00,-67.00


1.00,6.00,-67.00


12.00,0.00,-58.00


12.00,0.00,-58.00


12.00,0.00,-58.00


12.00,0.00,-58.00


16.00,2.00,-48.00


16.00,2.00,-48.00


16.00,2.00,-48.00


23.00,2.00,-38.00


23.00,2.00,-38.00


23.00,2.00,-38.00


22.00,-2.00,-25.00


22.00,-2.00,-25.00


22.00,-2.00,-25.00


22.00,-2.00,-25.00


27.00,-4.00,-13.00


27.00,-4.00,-13.00


27.00,-4.00,-13.00


24.00,-8.00,0.00


24.00,-8.00,0.00


24.00,-8.00,0.00


19.00,-7.00,7.00


19.00,-7.00,7.00


19.00,-7.00,7.00


19.00,-7.00,7.00


17.00,-2.00,14.00


17.00,-2.00,14.00


17.00,-2.00,14.00


20.00,0.00,16.00


20.00,0.00,16.00


20.00,0.00,16.00


20.00,0.00,16.00


18.00,1.00,19.00


18.00,1.00,19.00


18.00,1.00,19.00


16.00,2.00,22.00


16.00,2.00,22.00


16.00,2.00,22.00


18.00,9.00,27.00


18.00,9.00,27.00


18.00,9.00,27.00


18.00,9.00,27.00


9.00,9.00,34.00


9.00,9.00,34.00


9.00,9.00,34.00


7.00,12.00,33.00


7.00,12.00,33.00


7.00,12.00,33.00


-7.00,9.00,39.00


-7.00,9.00,39.00


-7.00,9.00,39.00


-7.00,9.00,39.00


-16.00,2.00,42.00


-16.00,2.00,42.00


-16.00,2.00,42.00


-30.00,3.00,40.00


-30.00,3.00,40.00


-30.00,3.00,40.00


-30.00,3.00,40.00


-36.00,-2.00,30.00


-36.00,-2.00,30.00


-36.00,-2.00,30.00


-41.00,-9.00,33.00


-41.00,-9.00,33.00


-41.00,-9.00,33.00


-54.00,-12.00,22.00


-54.00,-12.00,22.00


-54.00,-12.00,22.00


-54.00,-12.00,22.00


-62.00,-7.00,11.00


-62.00,-7.00,11.00


-62.00,-7.00,11.00


-64.00,-7.00,0.00


-64.00,-7.00,0.00


-64.00,-7.00,0.00


-64.00,-7.00,0.00


-64.00,-9.00,-6.00


-64.00,-9.00,-6.00


-64.00,-9.00,-6.00


-68.00,-3.00,-14.00


-68.00,-3.00,-14.00


-68.00,-3.00,-14.00


-69.00,-2.00,-18.00


-69.00,-2.00,-18.00


-69.00,-2.00,-18.00


-69.00,-2.00,-18.00


-67.00,-2.00,-18.00


-67.00,-2.00,-18.00


-67.00,-2.00,-18.00


-66.00,-3.00,-25.00


-66.00,-3.00,-25.00


-66.00,-3.00,-25.00


-66.00,-3.00,-25.00


-67.00,-5.00,-28.00


-67.00,-5.00,-28.00


-67.00,-5.00,-28.00


-66.00,-2.00,-41.00


-66.00,-2.00,-41.00


-66.00,-2.00,-41.00


-62.00,-2.00,-52.00


-62.00,-2.00,-52.00


-62.00,-2.00,-52.00


-62.00,-2.00,-52.00


-51.00,1.00,-61.00


-51.00,1.00,-61.00


-51.00,1.00,-61.00


-43.00,1.00,-68.00


-43.00,1.00,-68.00


-43.00,1.00,-68.00


-37.00,6.00,-68.00


-37.00,6.00,-68.00


-37.00,6.00,-68.00


-37.00,6.00,-68.00


-29.00,5.00,-69.00


-29.00,5.00,-69.00


-29.00,5.00,-69.00


-24.00,1.00,-71.00


-24.00,1.00,-71.00


-24.00,1.00,-71.00


-19.00,2.00,-75.00


-19.00,2.00,-75.00


-19.00,2.00,-75.00


-19.00,2.00,-75.00


-15.00,1.00,-75.00


-15.00,1.00,-75.00


-15.00,1.00,-75.00


-12.00,-3.00,-71.00


-12.00,-3.00,-71.00


-12.00,-3.00,-71.00


-18.00,0.00,-71.00


-18.00,0.00,-71.00


-18.00,0.00,-71.00


-18.00,0.00,-71.00


-28.00,0.00,-75.00


-28.00,0.00,-75.00


-28.00,0.00,-75.00


-42.00,5.00,-69.00


-42.00,5.00,-69.00


-42.00,5.00,-69.00


-54.00,3.00,-54.00


-54.00,3.00,-54.00


-54.00,3.00,-54.00


-54.00,3.00,-54.00


-63.00,5.00,-42.00


-63.00,5.00,-42.00


-63.00,5.00,-42.00


-68.00,6.00,-28.00


-68.00,6.00,-28.00


-68.00,6.00,-28.00


-68.00,6.00,-28.00


-69.00,5.00,-13.00


-69.00,5.00,-13.00


-69.00,5.00,-13.00


-64.00,5.00,5.00


-64.00,5.00,5.00


-64.00,5.00,5.00


-57.00,4.00,18.00


-57.00,4.00,18.00


-57.00,4.00,18.00


-57.00,4.00,18.00


-51.00,4.00,22.00


-51.00,4.00,22.00


-51.00,4.00,22.00


-43.00,5.00,32.00


-43.00,5.00,32.00


-43.00,5.00,32.00


-40.00,10.00,35.00


-40.00,10.00,35.00


-40.00,10.00,35.00


-40.00,10.00,35.00


-34.00,15.00,37.00


-34.00,15.00,37.00


-34.00,15.00,37.00


-33.00,12.00,34.00


-33.00,12.00,34.00


-33.00,12.00,34.00


-29.00,16.00,36.00


-29.00,16.00,36.00


-29.00,16.00,36.00


-29.00,16.00,36.00


-29.00,11.00,36.00


-29.00,11.00,36.00


-29.00,11.00,36.00


-34.00,10.00,39.00


-34.00,10.00,39.00


-34.00,10.00,39.00


-34.00,10.00,39.00


-33.00,6.00,34.00


-33.00,6.00,34.00


-33.00,6.00,34.00


-33.00,7.00,38.00


-33.00,7.00,38.00


-33.00,7.00,38.00


-28.00,2.00,28.00


-28.00,2.00,28.00


-28.00,2.00,28.00


-28.00,2.00,28.00


-22.00,0.00,34.00


-22.00,0.00,34.00


-22.00,0.00,34.00


-18.00,-2.00,40.00


-18.00,-2.00,40.00


-18.00,-2.00,40.00


-18.00,-2.00,40.00


-13.00,1.00,42.00


-13.00,1.00,42.00


-13.00,1.00,42.00


-9.00,0.00,40.00


-9.00,0.00,40.00


-9.00,0.00,40.00


0.00,-4.00,32.00


0.00,-4.00,32.00


0.00,-4.00,32.00


0.00,-4.00,32.00


5.00,-6.00,30.00


5.00,-6.00,30.00


5.00,-6.00,30.00


7.00,-6.00,27.00


7.00,-6.00,27.00


7.00,-6.00,27.00


10.00,-10.00,24.00


10.00,-10.00,24.00


10.00,-10.00,24.00


10.00,-10.00,24.00


11.00,-16.00,20.00


11.00,-16.00,20.00


11.00,-16.00,20.00


12.00,-18.00,6.00


12.00,-18.00,6.00


12.00,-18.00,6.00


12.00,-18.00,6.00


11.00,-23.00,6.00


11.00,-23.00,6.00


11.00,-23.00,6.00


13.00,-25.00,6.00


13.00,-25.00,6.00


13.00,-25.00,6.00


12.00,-32.00,1.00


12.00,-32.00,1.00


12.00,-32.00,1.00


12.00,-32.00,1.00


10.00,-32.00,-12.00


10.00,-32.00,-12.00


10.00,-32.00,-12.00


11.00,-34.00,-16.00


11.00,-34.00,-16.00


11.00,-34.00,-16.00


9.00,-34.00,-22.00


9.00,-34.00,-22.00


9.00,-34.00,-22.00


9.00,-34.00,-22.00


7.00,-34.00,-31.00


7.00,-34.00,-31.00


7.00,-34.00,-31.00


4.00,-30.00,-46.00


4.00,-30.00,-46.00


4.00,-30.00,-46.00


4.00,-30.00,-46.00


0.00,-32.00,-45.00


0.00,-32.00,-45.00


0.00,-32.00,-45.00


-8.00,-29.00,-53.00


-8.00,-29.00,-53.00


-8.00,-29.00,-53.00


-14.00,-29.00,-57.00


-14.00,-29.00,-57.00


-14.00,-29.00,-57.00


-14.00,-29.00,-57.00


-19.00,-24.00,-63.00


-19.00,-24.00,-63.00


-19.00,-24.00,-63.00


-33.00,-21.00,-61.00


-33.00,-21.00,-61.00


-33.00,-21.00,-61.00


-33.00,-21.00,-61.00


-41.00,-20.00,-63.00


-41.00,-20.00,-63.00


-41.00,-20.00,-63.00


-51.00,-16.00,-51.00


-51.00,-16.00,-51.00


-51.00,-16.00,-51.00


-62.00,-10.00,-44.00


-62.00,-10.00,-44.00


-62.00,-10.00,-44.00


-62.00,-10.00,-44.00


-64.00,1.00,-39.00


-64.00,1.00,-39.00


-64.00,1.00,-39.00


-65.00,4.00,-41.00


-65.00,4.00,-41.00


-65.00,4.00,-41.00


-65.00,4.00,-41.00


-65.00,9.00,-33.00


-65.00,9.00,-33.00


-65.00,9.00,-33.00


-67.00,10.00,-30.00


-67.00,10.00,-30.00


-67.00,10.00,-30.00


-65.00,15.00,-32.00


-65.00,15.00,-32.00


-65.00,15.00,-32.00


-65.00,15.00,-32.00


-66.00,15.00,-29.00


-66.00,15.00,-29.00


-66.00,15.00,-29.00


-65.00,12.00,-38.00


-65.00,12.00,-38.00


-65.00,12.00,-38.00


-65.00,5.00,-47.00


-65.00,5.00,-47.00


-65.00,5.00,-47.00


-65.00,5.00,-47.00


-58.00,1.00,-55.00


-58.00,1.00,-55.00


-58.00,1.00,-55.00


-49.00,-4.00,-61.00


-49.00,-4.00,-61.00


-49.00,-4.00,-61.00


-49.00,-4.00,-61.00


-37.00,-10.00,-68.00


-37.00,-10.00,-68.00


-37.00,-10.00,-68.00


-22.00,-14.00,-66.00


-22.00,-14.00,-66.00


-22.00,-14.00,-66.00


-9.00,-21.00,-64.00


-9.00,-21.00,-64.00


-9.00,-21.00,-64.00


-9.00,-21.00,-64.00


1.00,-19.00,-63.00


1.00,-19.00,-63.00


1.00,-19.00,-63.00


13.00,-24.00,-46.00


13.00,-24.00,-46.00


13.00,-24.00,-46.00


17.00,-21.00,-35.00


17.00,-21.00,-35.00


17.00,-21.00,-35.00


17.00,-21.00,-35.00


23.00,-19.00,-23.00


23.00,-19.00,-23.00


23.00,-19.00,-23.00


21.00,-10.00,3.00


21.00,-10.00,3.00


21.00,-10.00,3.00


21.00,-10.00,3.00


23.00,6.00,4.00


23.00,6.00,4.00


23.00,6.00,4.00


20.00,16.00,17.00


20.00,16.00,17.00


20.00,16.00,17.00


14.00,16.00,20.00


14.00,16.00,20.00


14.00,16.00,20.00


14.00,16.00,20.00


5.00,15.00,31.00


5.00,15.00,31.00


5.00,15.00,31.00


4.00,15.00,31.00


4.00,15.00,31.00


4.00,15.00,31.00


3.00,11.00,29.00


3.00,11.00,29.00


3.00,11.00,29.00


3.00,11.00,29.00


4.00,14.00,33.00


4.00,14.00,33.00


4.00,14.00,33.00


2.00,11.00,29.00


2.00,11.00,29.00


2.00,11.00,29.00


2.00,11.00,29.00


4.00,8.00,34.00


4.00,8.00,34.00


4.00,8.00,34.00


0.00,8.00,30.00


0.00,8.00,30.00


0.00,8.00,30.00


-2.00,9.00,33.00


-2.00,9.00,33.00


-2.00,9.00,33.00


-2.00,9.00,33.00


0.00,6.00,34.00


0.00,6.00,34.00


0.00,6.00,34.00


-7.00,8.00,39.00


-7.00,8.00,39.00


-7.00,8.00,39.00


-7.00,8.00,39.00


-12.00,7.00,34.00


-12.00,7.00,34.00


-12.00,7.00,34.00


-11.00,3.00,36.00


-11.00,3.00,36.00


-11.00,3.00,36.00


-10.00,5.00,34.00


-10.00,5.00,34.00


-10.00,5.00,34.00


-10.00,5.00,34.00


-2.00,4.00,33.00


-2.00,4.00,33.00


-2.00,4.00,33.00


11.00,0.00,22.00


11.00,0.00,22.00


11.00,0.00,22.00


20.00,2.00,16.00


20.00,2.00,16.00


20.00,2.00,16.00


20.00,2.00,16.00


22.00,-2.00,0.00


22.00,-2.00,0.00


22.00,-2.00,0.00


23.00,-8.00,-26.00


23.00,-8.00,-26.00


23.00,-8.00,-26.00


23.00,-8.00,-26.00


10.00,-13.00,-51.00


10.00,-13.00,-51.00


10.00,-13.00,-51.00


-11.00,-8.00,-70.00


-11.00,-8.00,-70.00


-11.00,-8.00,-70.00


-32.00,-10.00,-72.00


-32.00,-10.00,-72.00


-32.00,-10.00,-72.00


-32.00,-10.00,-72.00


-53.00,-6.00,-66.00


-53.00,-6.00,-66.00


-53.00,-6.00,-66.00


-66.00,-5.00,-52.00


-66.00,-5.00,-52.00


-66.00,-5.00,-52.00


-74.00,-4.00,-37.00


-74.00,-4.00,-37.00


-74.00,-4.00,-37.00


-74.00,-4.00,-37.00


-76.00,-2.00,-23.00


-76.00,-2.00,-23.00


-76.00,-2.00,-23.00


-74.00,0.00,-25.00


-74.00,0.00,-25.00


-74.00,0.00,-25.00


-74.00,0.00,-25.00


-73.00,4.00,-35.00


-73.00,4.00,-35.00


-73.00,4.00,-35.00


-69.00,1.00,-46.00


-69.00,1.00,-46.00


-69.00,1.00,-46.00


-57.00,0.00,-68.00


-57.00,0.00,-68.00


-57.00,0.00,-68.00


-57.00,0.00,-68.00


-30.00,-2.00,-76.00


-30.00,-2.00,-76.00


-30.00,-2.00,-76.00


-7.00,-3.00,-73.00


-7.00,-3.00,-73.00


-7.00,-3.00,-73.00


9.00,-4.00,-61.00


9.00,-4.00,-61.00


9.00,-4.00,-61.00


9.00,-4.00,-61.00


24.00,-2.00,-38.00


24.00,-2.00,-38.00


24.00,-2.00,-38.00


26.00,-3.00,-17.00


26.00,-3.00,-17.00


26.00,-3.00,-17.00


26.00,-3.00,-17.00


22.00,-1.00,8.00


22.00,-1.00,8.00


22.00,-1.00,8.00


9.00,4.00,24.00


9.00,4.00,24.00


9.00,4.00,24.00


0.00,7.00,33.00


0.00,7.00,33.00


0.00,7.00,33.00


0.00,7.00,33.00


-13.00,17.00,33.00


-13.00,17.00,33.00


-13.00,17.00,33.00


-20.00,23.00,31.00


-20.00,23.00,31.00


-20.00,23.00,31.00


-25.00,24.00,29.00


-25.00,24.00,29.00


-25.00,24.00,29.00


-25.00,24.00,29.00


-31.00,21.00,26.00


-31.00,21.00,26.00


-31.00,21.00,26.00


-29.00,22.00,24.00


-29.00,22.00,24.00


-29.00,22.00,24.00


-29.00,22.00,24.00


-25.00,26.00,30.00


-25.00,26.00,30.00


-25.00,26.00,30.00


-21.00,27.00,32.00


-21.00,27.00,32.00


-21.00,27.00,32.00


-18.00,24.00,34.00


-18.00,24.00,34.00


-18.00,24.00,34.00


-18.00,24.00,34.00


-10.00,19.00,37.00


-10.00,19.00,37.00


-10.00,19.00,37.00


-5.00,14.00,34.00


-5.00,14.00,34.00


-5.00,14.00,34.00


-2.00,12.00,38.00


-2.00,12.00,38.00


-2.00,12.00,38.00


-2.00,12.00,38.00


0.00,2.00,34.00


0.00,2.00,34.00


0.00,2.00,34.00


0.00,-5.00,38.00


0.00,-5.00,38.00


0.00,-5.00,38.00


0.00,-5.00,38.00


3.00,-12.00,33.00


3.00,-12.00,33.00


3.00,-12.00,33.00


-5.00,-21.00,34.00


-5.00,-21.00,34.00


-5.00,-21.00,34.00


-7.00,-22.00,30.00


-7.00,-22.00,30.00


-7.00,-22.00,30.00


-7.00,-22.00,30.00


-10.00,-25.00,26.00


-10.00,-25.00,26.00


-10.00,-25.00,26.00


-8.00,-21.00,29.00


-8.00,-21.00,29.00


-8.00,-21.00,29.00


-1.00,-17.00,29.00


-1.00,-17.00,29.00


-1.00,-17.00,29.00


-1.00,-17.00,29.00


2.00,-3.00,33.00


2.00,-3.00,33.00


2.00,-3.00,33.00


4.00,9.00,34.00


4.00,9.00,34.00


4.00,9.00,34.00


4.00,9.00,34.00


2.00,23.00,27.00


2.00,23.00,27.00


2.00,23.00,27.00


4.00,33.00,25.00


4.00,33.00,25.00


4.00,33.00,25.00


2.00,38.00,20.00


2.00,38.00,20.00


2.00,38.00,20.00


2.00,38.00,20.00


7.00,32.00,27.00


7.00,32.00,27.00


7.00,32.00,27.00


5.00,28.00,32.00


5.00,28.00,32.00


5.00,28.00,32.00


6.00,19.00,27.00


6.00,19.00,27.00


6.00,19.00,27.00


6.00,19.00,27.00


-6.00,13.00,37.00


-6.00,13.00,37.00


-6.00,13.00,37.00


-10.00,5.00,39.00


-10.00,5.00,39.00


-10.00,5.00,39.00


-10.00,0.00,40.00


-10.00,0.00,40.00


-10.00,0.00,40.00


-10.00,0.00,40.00


-15.00,-9.00,36.00


-15.00,-9.00,36.00


-15.00,-9.00,36.00


-9.00,-12.00,31.00


-9.00,-12.00,31.00


-9.00,-12.00,31.00


-9.00,-12.00,31.00


-8.00,-12.00,35.00


-8.00,-12.00,35.00


-8.00,-12.00,35.00


-6.00,-2.00,35.00


-6.00,-2.00,35.00


-6.00,-2.00,35.00


-3.00,0.00,39.00


-3.00,0.00,39.00


-3.00,0.00,39.00


-3.00,0.00,39.00


-2.00,11.00,36.00


-2.00,11.00,36.00


-2.00,11.00,36.00


-1.00,17.00,40.00


-1.00,17.00,40.00


-1.00,17.00,40.00


-1.00,17.00,40.00


0.00,16.00,36.00


0.00,16.00,36.00


0.00,16.00,36.00


-2.00,16.00,35.00


-2.00,16.00,35.00


-2.00,16.00,35.00


-5.00,13.00,42.00


-5.00,13.00,42.00


-5.00,13.00,42.00


-5.00,13.00,42.00


-9.00,12.00,37.00


-9.00,12.00,37.00


-9.00,12.00,37.00


-18.00,16.00,39.00


-18.00,16.00,39.00


-18.00,16.00,39.00


-20.00,16.00,41.00


-20.00,16.00,41.00


-20.00,16.00,41.00


-20.00,16.00,41.00


-22.00,12.00,38.00


-22.00,12.00,38.00


-22.00,12.00,38.00


-24.00,14.00,43.00


-24.00,14.00,43.00


-24.00,14.00,43.00


-19.00,13.00,43.00


-19.00,13.00,43.00


-19.00,13.00,43.00


-19.00,13.00,43.00


-17.00,13.00,43.00


-17.00,13.00,43.00


-17.00,13.00,43.00


-14.00,5.00,46.00


-14.00,5.00,46.00


-14.00,5.00,46.00


-14.00,5.00,46.00


-16.00,5.00,49.00


-16.00,5.00,49.00


-16.00,5.00,49.00


-17.00,0.00,53.00


-17.00,0.00,53.00


-17.00,0.00,53.00


-20.00,4.00,56.00


-20.00,4.00,56.00


-20.00,4.00,56.00


-20.00,4.00,56.00


-19.00,3.00,67.00


-19.00,3.00,67.00


-19.00,3.00,67.00


-25.00,7.00,70.00


-25.00,7.00,70.00


-25.00,7.00,70.00


-25.00,7.00,70.00


-26.00,6.00,78.00


-26.00,6.00,78.00


-26.00,6.00,78.00


-24.00,7.00,70.00


-24.00,7.00,70.00


-24.00,7.00,70.00


-23.00,7.00,64.00


-23.00,7.00,64.00


-23.00,7.00,64.00


-23.00,7.00,64.00


-24.00,5.00,65.00


-24.00,5.00,65.00


-24.00,5.00,65.00


-19.00,3.00,53.00


-19.00,3.00,53.00


-19.00,3.00,53.00


-18.00,7.00,44.00


-18.00,7.00,44.00


-18.00,7.00,44.00


-18.00,7.00,44.00


-18.00,12.00,46.00


-18.00,12.00,46.00


-18.00,12.00,46.00


-20.00,11.00,44.00


-20.00,11.00,44.00


-20.00,11.00,44.00


-20.00,11.00,44.00


-20.00,13.00,40.00


-20.00,13.00,40.00


-20.00,13.00,40.00


-20.00,12.00,46.00


-20.00,12.00,46.00


-20.00,12.00,46.00


-21.00,13.00,38.00


-21.00,13.00,38.00


-21.00,13.00,38.00


-21.00,13.00,38.00


-25.00,10.00,37.00


-25.00,10.00,37.00


-25.00,10.00,37.00


-20.00,11.00,41.00


-20.00,11.00,41.00


-20.00,11.00,41.00


-24.00,9.00,39.00


-24.00,9.00,39.00


-24.00,9.00,39.00


-24.00,9.00,39.00


-22.00,9.00,38.00


-22.00,9.00,38.00


-22.00,9.00,38.00


-19.00,11.00,35.00


-19.00,11.00,35.00


-19.00,11.00,35.00


-19.00,11.00,35.00


-23.00,12.00,39.00


-23.00,12.00,39.00


-23.00,12.00,39.00


-26.00,10.00,35.00


-26.00,10.00,35.00


-26.00,10.00,35.00


-27.00,14.00,39.00


-27.00,14.00,39.00


-27.00,14.00,39.00


-27.00,14.00,39.00


-25.00,7.00,37.00


-25.00,7.00,37.00


-25.00,7.00,37.00


-30.00,6.00,34.00


-30.00,6.00,34.00


-30.00,6.00,34.00


-30.00,6.00,34.00


-30.00,6.00,34.00


-30.00,6.00,34.00


-30.00,6.00,34.00


-28.00,4.00,37.00


-28.00,4.00,37.00


-28.00,4.00,37.00


-29.00,6.00,36.00


-29.00,6.00,36.00


-29.00,6.00,36.00


-29.00,6.00,36.00


-28.00,8.00,38.00


-28.00,8.00,38.00


-28.00,8.00,38.00


-22.00,8.00,34.00


-22.00,8.00,34.00


-22.00,8.00,34.00


-26.00,7.00,41.00


-26.00,7.00,41.00


-26.00,7.00,41.00


-26.00,7.00,41.00


-28.00,7.00,37.00


-28.00,7.00,37.00


-28.00,7.00,37.00


-26.00,8.00,39.00


-26.00,8.00,39.00


-26.00,8.00,39.00


-26.00,8.00,39.00


-28.00,10.00,37.00


-28.00,10.00,37.00


-28.00,10.00,37.00


-25.00,16.00,39.00


-25.00,16.00,39.00


-25.00,16.00,39.00


-22.00,14.00,42.00


-22.00,14.00,42.00


-22.00,14.00,42.00


-22.00,14.00,42.00


-17.00,13.00,42.00


-17.00,13.00,42.00


-17.00,13.00,42.00


-18.00,10.00,40.00


-18.00,10.00,40.00


-18.00,10.00,40.00


-15.00,12.00,41.00


-15.00,12.00,41.00


-15.00,12.00,41.00


-15.00,12.00,41.00


-16.00,11.00,39.00


-16.00,11.00,39.00


-16.00,11.00,39.00


-15.00,9.00,40.00


-15.00,9.00,40.00


-15.00,9.00,40.00


-15.00,9.00,40.00


-16.00,11.00,41.00


-16.00,11.00,41.00


-16.00,11.00,41.00


-17.00,9.00,37.00


-17.00,9.00,37.00


-17.00,9.00,37.00


-17.00,7.00,39.00


-17.00,7.00,39.00


-17.00,7.00,39.00


-17.00,7.00,39.00


-17.00,12.00,40.00


-17.00,12.00,40.00


-17.00,12.00,40.00


-16.00,12.00,43.00


-16.00,12.00,43.00


-16.00,12.00,43.00


-16.00,12.00,43.00


-14.00,10.00,44.00


-14.00,10.00,44.00


-14.00,10.00,44.00


-17.00,12.00,40.00


-17.00,12.00,40.00


-17.00,12.00,40.00


-16.00,11.00,41.00


-16.00,11.00,41.00


-16.00,11.00,41.00


-16.00,11.00,41.00


-14.00,12.00,42.00


-14.00,12.00,42.00


-14.00,12.00,42.00


-17.00,12.00,43.00


-17.00,12.00,43.00


-17.00,12.00,43.00


-13.00,12.00,41.00


-13.00,12.00,41.00


-13.00,12.00,41.00


-13.00,12.00,41.00


-16.00,8.00,42.00


-16.00,8.00,42.00


-16.00,8.00,42.00


-15.00,13.00,46.00


-15.00,13.00,46.00


-15.00,13.00,46.00


-16.00,9.00,41.00


-16.00,9.00,41.00


-16.00,9.00,41.00


-16.00,9.00,41.00


-14.00,10.00,43.00


